PID,SalePrice
527127150,220187.05149481754
527162130,193530.5770385498
527163010,171203.448989544
527182190,232381.10014854016
527216070,476596.98975052696
527358140,208352.47189723246
527402200,157484.8616183425
527402250,155514.28063043734
527425090,92637.02001211421
528181050,204607.99161109552
528218150,173167.25131929698
528240070,215527.8837706105
528250100,167849.72912805204
528358010,265838.6707250521
528382030,236669.72239338758
528445060,231281.34341768877
531367050,223294.22977457056
531369060,190253.34484899006
532351140,132885.22616325365
532354090,150540.17355300684
532376160,135733.05686812865
532479070,199471.15428308139
533212060,154142.4045667018
533221090,171382.74371608594
533238045,276949.7946628274
533244030,233101.9708497089
533352170,176775.46372017552
534152050,207506.11205183662
534152070,197142.64575728314
534202160,140762.12702663802
534251320,157971.56676501624
534276360,117483.21050533676
534425310,147884.57573322798
534427010,153952.46863385994
534431050,222924.32765002965
534431070,153505.1297059199
534479320,142527.93022558826
535106190,163545.8045676628
535152250,145513.78724196157
535302080,121290.9848260435
535350030,139922.26917152206
535350040,127945.12841525517
535454070,133837.7197845907
535457090,148341.01716027156
902102100,117505.1453651117
902104060,83916.97101543755
902110090,149433.51625837907
902125080,100611.40716743973
902206040,127787.9972603017
902207140,110845.03846986502
902402010,149727.53709560478
902402250,133431.09499239025
903206120,194559.76545807984
903226160,115493.4119058607
903425110,147075.64682090346
903430080,120596.20903581289
903450110,102963.3290217437
903454060,53035.21461273334
903476030,134593.70294888105
904100140,211068.40278990794
904302260,109055.4329326525
904352190,123346.55815193396
905105200,120039.36055729284
905106140,147173.83179534005
905109130,285917.48818728357
905109170,239836.0406799451
905325030,223292.37714857282
905352140,226228.55763670808
905451320,141036.02915648773
905475510,124904.30325531209
906201120,241544.29815265484
906223090,224489.52919763458
906380190,192381.28024764312
906385020,176253.9892139782
906402200,314100.0141842326
907200280,146353.93994466803
907203070,127056.25760357853
907250030,277478.25131571316
907290040,207618.83915048666
907290170,137681.88020781393
907414030,184630.83962278854
908102060,45069.4356317003
908102110,89245.33529117492
908103350,137506.6266202161
908226130,71517.75648942387
909100080,119125.22839519719
909101070,56597.73665413556
909250060,192635.43362133566
909428280,313500.1442325306
909452114,201830.08853002175
909455030,180229.84690607156
911204090,99799.70822854397
911370510,275788.3828278159
914478110,171863.98421553572
916386020,182333.2016271521
916386060,148846.81009591563
916386090,270049.67951506865
923205015,165249.92337462172
923230190,120107.82163968493
527105070,190712.7912634114
527105130,270365.128704803
527131030,276908.6577225508
527146010,244805.59486444725
527180100,173648.2564136371
527276160,201172.08678305635
527301320,258997.02280049195
527352150,180973.51761711005
527375180,155728.9842703482
527376100,143421.43310891345
527378140,174053.40772864188
527405180,112856.1943594347
527425110,115976.31355188008
527450280,95738.48629551972
527453060,144501.40541233282
527453140,126467.9086603071
527455050,144836.6194910499
527455080,142393.77937192522
527455090,116388.89477192622
527455280,150529.65209826882
528102040,374903.3228122144
528102140,433575.37245708524
528108040,376061.25873649714
528112040,332833.892080816
528116010,331382.2228008094
528118060,360390.11116483534
528120030,353387.32736924774
528138010,362905.0257820188
528142040,343103.8334573321
528142090,301233.42293380265
528142130,289800.6343407847
528168030,278476.68616492726
528174050,208283.0239700949
528174060,207476.6667435894
528218090,175575.8084583847
528220040,174821.04348405413
528228295,202655.59403208084
528235010,184055.27181804707
528240060,184296.80409437497
528250020,191012.2853653225
528250040,179155.12215895078
528275070,228472.35128386936
528280230,214444.4728168025
528290030,164536.36953362578
528290120,183053.03646038234
528290180,180268.47350333733
528292030,255638.85883002818
528292070,217823.16584829605
528294050,165699.1851756241
528344040,323927.0940815507
528365070,323750.0390387799
528431020,240370.9015264663
528435050,272502.550859598
528439060,249963.65035883477
528441020,233158.55634897313
528441090,367430.0417219035
528456180,243920.27695948805
528456220,203795.88934936898
528458060,198013.82429188638
528458180,219157.89766062488
528477070,266274.9032457638
528480040,241305.89077087716
528480130,216292.10021356924
528482040,272657.74127813464
528490070,207639.4131606294
531363050,138742.73148155268
531375040,159126.06510019937
531375130,158462.78010913965
531376090,203092.6105550931
531379050,227349.37701222562
531385020,188078.9042171448
532353020,110327.23852836265
532354230,112527.08721147357
532377130,128089.65889834586
532478020,286803.17795103317
533213020,194472.46397179837
533213040,177516.7864013601
533236050,201713.5819224514
533252040,332000.5951715718
534127130,173682.28725961086
534127170,181278.163028289
534128020,217304.24372384936
534129080,194013.51944089052
534152120,166991.59715333465
534175080,219997.1033684583
534177230,206861.33916206346
534200030,116108.96381437036
534226120,119489.32305424106
534251030,171446.62802942627
534252240,164193.00643132438
534275060,126450.08515639754
534275100,112942.1947925252
534276040,139300.4717697227
534400290,162496.60143583216
534451110,107176.99699205479
534475185,166733.2023787852
534476320,123269.91314216994
535126010,214836.83125464342
535154130,149601.87988023253
535175030,164047.3227351402
535175050,152254.83401350392
535178040,121864.05181613416
535179160,116306.97384664434
535301170,169643.9655768243
535303150,125585.9585608204
535325290,107636.1623786006
535354070,125761.53462450582
535375050,123185.73931461295
535381040,148191.9447688962
535383060,35472.61014376598
535403190,160783.99411736795
535450160,72029.19933252907
535453200,151309.35075250146
535475010,159748.38067433506
535476110,136842.04139042465
902105060,121796.78250010998
902106010,142666.18473297916
902109130,82779.93944830199
902134120,104270.69688320388
902135020,82282.29534570183
902201110,125919.17298473816
902300090,86444.66060496597
902301060,109295.18693306595
902327070,167777.59641060035
902329080,142780.83722573266
902330040,169075.44554318988
902401130,148794.38129586773
902402150,86524.98890645093
902405100,161231.79563941617
902406070,140402.82377674867
902477120,57139.52193960031
903201020,137897.99188543408
903202170,140687.4214817674
903226130,115167.90570397816
903230100,110298.630956247
903231010,139908.4921472418
903236040,129099.12754116507
903400220,172403.07741921546
903427120,149012.46132181847
903475100,117847.89838368347
903476090,123745.0737418661
904100190,93113.82100169163
904301070,154395.9959232947
904301375,31942.47394079363
904351200,118171.0993122232
905200260,139450.9835030068
905200350,144336.9958559011
905325020,242413.32896503058
905451300,113715.65091687992
905452040,152420.32541676168
905475160,117938.49656453366
905478030,141558.8446694085
905480030,111929.29088028752
906201050,158131.5189603965
906223210,226230.19896356983
906226060,134343.7898102511
906226080,144809.8922323009
906226090,142529.81309088465
906226140,105605.34414832579
906340100,359687.40462895273
906378110,213022.6340016509
906380060,290102.3180773698
906380100,278091.2109617713
906380220,214859.96425958644
906392130,173675.0316084196
907126050,151781.64089370728
907131090,218422.19192704835
907131190,204885.08080460125
907135040,144808.1454468715
907135170,142544.1548003442
907185050,196141.3619998341
907192030,181925.74455198398
907194110,186757.0570307614
907196060,196998.29048960865
907202130,154294.39005281718
907227080,127239.75697629497
907227110,130001.39114570619
907252060,235430.98997245694
907252220,260853.13531798456
907265010,199620.481721756
907275090,224232.32622257323
907285020,234519.64432402165
907285050,189759.60882916217
907290070,168525.44658535952
907412020,189927.84346917912
907414080,171466.61881344352
908102050,97359.73061789185
908152100,142265.3120729634
908154040,330225.2608940552
908225370,85020.16567797102
908229020,88260.33064045438
908275040,115859.44995315054
908275110,144921.8268514303
909101010,134981.09845098614
909101140,141780.17564514405
909129090,110628.50915018786
909179020,231564.67016010915
909251170,152013.18896607246
909253180,145966.726938999
909279010,215178.12624602288
909282130,158757.6198748744
909427200,160165.9206325914
909451040,104531.59277097546
909451140,116494.96812208435
909451180,122592.81500566352
909452050,220710.65634887366
910204050,154551.95904165035
911104060,64214.003863684906
914475010,141172.25858643264
914475030,175459.03536862173
914476020,115519.98665531179
916386140,211034.9927038222
916403010,188228.60796785893
916403250,223594.62497701653
916460110,197661.23699121634
916475040,352946.52679577447
923203110,170616.12653165226
923225360,94548.35009565475
923225490,109115.06273352343
923227080,159236.51328966173
923275040,164128.94224534725
923276260,141846.63547706045
923400025,158109.86844944407
526351030,213262.0814645144
526353050,235112.35068672796
526354070,198668.0151699304
527106150,214170.44952579282
527127140,311724.368205797
527140090,221300.859803907
527145090,202466.75196834267
527165010,183220.18513619082
527183060,230786.16863753347
527214030,404671.0214727557
527226020,148048.63809225897
527252080,290857.70586148713
527302050,181679.9781265074
527357110,132555.72107877315
527380240,265240.2092605949
527402060,154796.92744577152
527450110,93187.68898738873
527450520,105457.70252378544
527451060,90082.20725410659
527451290,77837.21113219214
527451400,87726.58070841993
527451550,101478.41205646556
527452150,124189.69938269988
527455270,96942.33523449629
528104080,424870.198777723
528110110,408960.689309182
528118030,393860.1926690471
528142020,287461.9012827687
528166120,390306.91559511126
528178090,341147.99380062544
528186080,315760.7045823444
528228345,223034.89727003238
528228445,174601.634800175
528235120,189754.0715133844
528240050,190286.93502121783
528280130,192327.52836438332
528326030,294079.3152621478
528363020,313423.31703081576
528363110,354032.2548659608
528387050,283626.9563566358
528431080,233579.2760238775
528431120,247311.35626696385
528458050,226212.48758836996
528462040,212898.4367665675
528478030,266566.86503083445
528478040,233625.94841605856
528490080,203337.65158010297
531363060,154974.276936126
531373060,186938.2721621805
531375120,164373.97589505493
531376010,173982.07596410115
531382110,181005.14000918606
531382120,209338.6551331922
531450030,191525.32712228535
531450170,181240.33435751195
531452140,142967.09262298374
532351050,115759.46113410112
532353050,128839.794536047
532376170,96478.9245542807
533206050,181777.67334794026
533208080,159100.92309996203
533212050,153206.23814619964
533212140,156306.68705905776
533212150,156714.82485563934
533215020,265310.6594115289
533215070,257104.63097221716
533215080,263283.1351801255
533217050,162764.72670082175
533234020,231030.91470998077
533350090,291155.699468971
534126090,186091.97255304916
534127230,178181.60933620937
534128050,155341.1544802822
534129060,201399.80625945507
534175140,136866.9135286736
534202130,147827.1701993097
534225110,137509.77914071528
534225120,140092.1074767518
534250010,136406.5973727582
534403100,220212.21111260704
534428020,122552.22595478798
534428100,140275.73505632475
534453140,79162.88418669342
534477090,139089.22526705172
535105030,135750.2690783468
535126140,211445.65830696782
535150210,135727.7382966028
535151160,147060.34448552958
535179060,179506.73085318113
535302140,111051.4350165779
535305160,88562.50831854413
535327230,121699.17918896153
535375160,110895.21837521261
535402120,172125.16057589606
535451010,115327.7181330809
535451050,112553.05665697147
535451230,86919.5763168647
535453210,152213.51934810227
535455080,104120.75485951632
535455090,126342.81502276371
535456100,101971.95031013987
535475020,168535.18642130162
535476370,191679.86525717477
535477090,112949.20901542896
902100030,71734.9122289032
902103150,119189.91852279051
902105010,105079.73207490155
902105020,256184.14531948022
902105130,64208.136260681116
902107030,126921.42372458742
902306120,132315.38598828774
902306130,155717.48649235943
902406020,112838.7989154229
902427150,106826.76068985653
903201030,136031.48430406165
903204095,93506.90075086405
903206070,146012.66295051808
903225160,116271.52220034448
903226060,166078.9586508985
903226150,116659.00819336419
903228040,157594.42340246824
903230110,105896.46551187763
903232030,76410.34677794526
903234090,134482.24277856344
903400180,176808.19532647557
903401020,167819.82780877754
903453050,124975.79421725191
903454100,143606.7469321893
903455030,118569.6520051634
903455140,121653.92325502173
903456130,120045.68106218372
903484020,124751.71657875854
904100160,118352.8048355163
905104080,98253.66000660411
905202230,210066.78638335541
905300020,145421.3947305914
905401045,207325.27440307412
905426030,198137.32808239595
905452120,139757.05915298028
905477050,138010.3307441228
905479110,113350.02755838068
906223140,225655.66463187992
906380030,225684.4160145957
906412010,376326.07031871297
906420130,234854.71835112412
906424010,236211.84378844142
907135260,146029.27842861682
907192130,211217.58662055407
907196050,208715.73596993004
907201060,144030.51965341545
907227300,123730.49544486203
907251090,240127.47740754962
907255020,250573.9308453824
907255060,301400.4012753591
907285080,212893.64157786564
907290150,137139.3585945817
907295020,221887.54852864382
907405020,212660.54992358194
907418010,213292.1922242688
908103280,151732.54910957976
908128050,135656.76907844096
908151040,148275.29598129497
908186040,134374.27052579806
908201120,97724.58331763648
908225170,79470.32647771898
908250040,97452.97339295052
909101180,114651.36717829439
909131170,141070.11315784068
909250230,162138.5935819282
909275050,165597.31526456994
909276170,178515.54523494703
909281110,220449.3163169745
909425085,250611.16407473938
909428190,223401.71327468165
909451150,146716.0558137108
910200080,124013.33335139952
911102090,85099.29986773805
911102170,93295.82781100561
911370490,342357.32378532295
914476010,165021.02615961965
914476450,198200.2862181943
916125425,266785.8690394171
916380060,275100.72128348437
916403230,183913.18590127685
916460060,232573.59894167603
916477020,289372.0918408203
921126030,252105.964542813
923202005,201967.3504569576
923203140,164389.3201299812
923225080,122084.24143998459
923225370,103086.1384235261
923252100,124796.17296015889
923277040,147789.2519293979
923426010,123469.67818226744
924100020,171577.117684748
526352080,194198.6019818129
526352090,194424.60630819798
527110120,182874.21241062833
527158090,170561.5888236451
527162090,163164.64993336808
527163080,152062.55497150117
527165100,161169.940406595
527175130,154455.56909966245
527182170,241857.20076921227
527184020,211666.30027114454
527210060,354797.65872426133
527226040,174691.87396936424
527252050,320847.4250381666
527252070,277423.8586785258
527301080,190925.73253085348
527302090,216170.32811171148
527325110,192284.3723774344
527328020,143951.07730521623
527359010,175017.8673110668
527359080,194880.4908050917
527402240,188166.0879486828
527404100,111320.77356560761
527425140,111206.87711601138
527450220,118940.90843967622
527451170,117255.09895768853
527455030,142422.3756894077
527455250,122502.95243111305
528102120,284076.2146345627
528104010,345694.4370335445
528106040,394739.21311079804
528108160,293653.2120807043
528110070,293658.78196372406
528110100,381416.26843724214
528112150,247591.0371775544
528118040,383427.9334358998
528120150,306332.23858044634
528144050,351619.7928492492
528150040,365842.048208517
528168040,295973.2116245326
528172050,253444.3777743233
528172075,252864.15223918756
528174010,196249.59965810794
528181080,204574.2296223705
528186050,313980.45680235577
528186090,316782.3651974362
528186120,328611.0583338615
528188160,217290.35239480418
528218020,173307.1370435174
528222060,185469.5359948595
528222090,181867.6932729013
528231010,234643.20297884155
528235000,169570.58856945467
528235160,210141.49417718916
528235170,212362.40491418762
528290170,189209.70480547615
528320050,587407.3958375996
528327060,466405.98717325064
528354110,307288.9528219872
528429090,328226.80536988936
528431030,220154.57638022714
528431040,408800.1173803725
528431110,288129.6710339496
528435070,242124.62706945813
528445020,220099.9973102869
528456190,211575.03764697356
528456230,201859.8239911432
528458080,242891.42453308063
528458130,310490.9643931863
528477020,236256.88530279536
528482010,246963.0337218945
528482090,267388.1288832031
531375140,154927.4841041727
531451150,120106.05810031218
532378240,112821.46918724643
532479050,145385.42285327843
533120030,344831.2732250107
533130170,324296.05301178293
533208040,205778.9805414052
533208070,166534.82209595368
533213130,174531.34054345006
533236040,179688.36747634909
533242090,285574.7395403695
533250190,234700.8302959596
533251110,290776.827489492
533251130,189843.49316237797
533254130,190693.01959294078
534104090,237399.47619149668
534125120,130805.3562091933
534178010,125681.49929692928
534201040,130174.57562309124
534202030,139211.41863131075
534252110,125848.63621495684
534275170,143079.54300614295
534276180,116530.10386889777
534278170,144170.60091135892
534278190,108730.2549446889
534403290,210265.05678163454
534403420,140256.51000774658
534425080,178965.46707191868
534429030,81297.44210562814
534431020,125357.11207653396
534450090,12347.725526503142
534453080,119527.93523874637
534475170,171305.56122758714
534478140,143017.60760297847
534479120,111246.54542368444
535101150,136691.70840864826
535105110,160857.81933127076
535106180,133899.44475978066
535151100,124269.95453448166
535151110,139508.5282339076
535152060,128928.87839428485
535177110,186850.69063505673
535181030,189383.25817155
535181140,155651.41858769913
535302070,124710.46214619107
535327200,121404.5052491955
535353160,110599.23206689987
535354050,119663.59719319784
535375130,99962.07599948428
535378080,134095.90369868133
535379110,135795.65988344487
535382150,88558.18133825462
535450220,115190.58411177366
535451040,116287.77025821598
535451110,131303.04276163774
535452060,129814.54337149956
535453080,147194.59678238304
535476360,216236.9210529862
535477130,158993.3989455595
535478040,114013.64498336872
902105110,111332.23952539492
902106070,125861.15118520975
902110010,97114.62472504876
902202070,121520.21730267708
902301030,130226.45566917639
902305010,131213.72868248977
902408080,207616.39511171982
902427040,106415.40354125462
902427180,114804.15736346674
903225040,124646.81319799443
903231180,124161.06455547502
903232100,134650.30324052044
903426010,138737.78993973156
903453080,201419.49714540958
903454010,119800.3762942683
903454090,136012.06279305508
903458060,117027.24264740001
903476100,78853.09414921842
904101070,237462.49529226637
904301110,112228.16098911017
904302010,107015.48993467422
905100080,160589.70219099044
905102010,151629.87444098952
905103110,122116.27866233994
905105040,98148.3523097194
905107140,139464.5156685467
905201080,162587.20326585954
905226080,163577.05219299337
905226170,137056.7171774553
905301050,297263.47472345177
905376090,148413.75817491682
905478140,138016.38158650656
905478220,154724.68967258662
905480090,99201.89492637635
906201022,188620.18315647138
906201023,222941.71531175537
906201200,274844.8245249231
906380040,242766.0242474149
906380120,202446.31904983596
906380160,185965.87186969048
906394050,172252.36224064569
907125040,151917.6591031674
907125120,133159.2055233096
907135180,121104.21997957998
907180040,195754.0123951056
907187040,232751.11809981312
907192120,214645.46961465388
907192150,184685.82299944316
907202220,142769.31908572302
907203060,112241.39911167271
907260040,187234.25233954165
907275080,243378.15943170484
907290140,136259.12429016302
907295040,236848.27423093823
907410020,184528.65661192872
907414060,185855.79653353326
907420060,177138.88036880456
908102100,155517.12789428968
908127070,136275.19321779214
908152070,156933.18294646684
908152280,178068.33640019127
908154205,524732.058461022
908225240,97709.7305453428
908225310,77259.7882692974
908226180,71183.08708820493
908250100,90857.66859739854
908275090,107852.59047661278
909252010,162323.37821307467
909252170,150734.37537916133
909275110,190985.67391094827
909276210,169328.66489359265
909281020,138601.5349309928
909428180,210238.52211746806
909455060,158004.27594042176
910201020,89691.47270737194
910201180,159331.2673237976
910205130,133768.4396939933
910206010,35072.2730353784
911128010,129949.38315331367
911370460,273052.73987057095
914452090,176095.66802202095
914452190,139238.055236998
916384070,273922.57798355346
916384150,243742.20845874358
916403040,174849.52525325643
916455010,212089.3420373766
916455150,289737.0092030143
916460020,201533.02883642243
917425190,212902.74654582195
921205070,271254.97638280364
923202134,135382.41437076346
923202220,156399.67224221572
923204140,138163.04812197012
923225050,133511.335628871
923228220,82039.7683171502
923229010,147090.20602275987
923230180,125979.35911449831
923251160,137615.65895243708
526302040,155017.01206989662
527108020,227475.5311666671
527166030,182918.43693157646
527182020,178316.59727089433
527190220,278183.4754078848
527210040,483101.22170493857
527210050,360053.5565948101
527216050,443665.39108526486
527252090,315052.53621839674
527254070,331171.26184199477
527327080,173729.12108882196
527356020,277470.5614051049
527375160,183518.86095377835
527376110,178909.1632326668
527402210,116954.66205793238
527403120,89058.52827636381
527427210,180617.608944141
527450080,114279.96056060764
527452290,149787.16612078095
527453070,131583.4827070059
527455100,133936.626097838
528106010,338924.4627572987
528106120,255576.3152343379
528116030,334694.1963759834
528118010,318819.70720166794
528120140,379895.2280561635
528142070,353999.96208383783
528144030,300126.54999270034
528150080,372161.58651753527
528172020,287072.84513979405
528181030,204253.74131134542
528181040,204330.12663595585
528186110,306907.1603989095
528218060,178955.5089245454
528218080,185539.83485974837
528218140,223421.91984359533
528221010,188546.5686600266
528222020,186134.1405314713
528228360,200366.2848907314
528228565,194792.72899794008
528231050,189740.75515790316
528240080,217568.26480044544
528275060,177150.82309918336
528275080,203582.9286657948
528280100,198702.66155365235
528290140,196751.35181626974
528294070,225538.3788985392
528315070,283624.6586833267
528320060,485870.6783171714
528358030,317441.0661500753
528365090,309257.9720566857
531375070,141691.5480347033
531375100,180539.9971830952
531450040,171642.61437281285
531452100,141767.4001478664
532353180,152545.70968613075
532376180,97908.07285312307
532476050,288554.7510911245
533110130,278132.243725436
533128030,277553.5413523552
533128090,276294.33261675446
533212100,147190.00944812133
533212110,148423.3243551192
533223080,172099.7480909421
533241010,199401.62570234918
533242030,214923.72274541407
533252020,165240.1281028484
533253090,182985.1909798675
533253160,178348.2902155682
533350050,381148.45667953946
534127190,250669.66747056146
534129230,171110.79758595367
534176250,135550.02946236383
534201280,132901.34377939097
534202180,151022.35813156373
534250300,184807.61370582125
534276230,151824.66663206415
534403280,161393.19975901267
534403440,142999.6574137724
534453150,124337.82566415411
534479240,141193.0792503894
535125060,216794.7015249862
535150240,113957.22083211428
535150300,322754.81615575345
535151130,135071.49613210495
535178100,157847.823787165
535179050,140444.32718738238
535301150,140415.0099407751
535304020,130249.38646168531
535305120,155023.73951769347
535325460,198511.76342903113
535353180,212250.14409923597
535354130,132999.300825142
535355100,110654.27252144297
535380130,118427.30078895528
535381060,82105.5734627302
535402100,143637.77023240656
535403150,157162.08804202452
535404080,118516.9311304812
535425040,196446.39807748713
535451190,107197.23992827223
535454030,69600.59306700146
535478010,121967.87115147334
902100130,83068.86605877349
902104020,140526.14141971432
902106040,179333.9301999126
902110120,123120.85223495428
902128100,118794.5146620188
902325050,169604.0160187956
902325160,95003.53545931022
902329070,115019.24651823347
902329090,159885.74169545033
902456015,63643.79217537989
903200050,71006.87639143049
903231190,110081.59208725831
903232170,70665.40078304727
903235020,83397.64652366929
903236200,104377.40893963205
903400030,89355.8352425529
903455090,121955.08956397524
904100090,170603.26870162442
905100030,138351.12525524962
905200380,103636.15228637366
905201090,167592.9031249829
905351045,173636.98974957928
905426100,212054.51662899685
905451050,155742.52838997153
905452150,141698.45114693965
906204180,240901.36536319018
906223180,211983.79719803276
906225180,202450.9091225396
906380150,176802.36571105328
906392120,308011.94061592943
906394010,226873.84975084837
907125020,139532.82469500645
907175030,224532.62368196642
907187010,219231.22287610787
907192010,214749.8242617645
907194130,197501.1297209012
907201160,151666.2064011849
907203010,117418.76689933696
907227090,124403.60282532015
907230240,136035.30418144923
907290080,219326.26052733877
907290260,243708.31550526817
907410100,188871.37792849366
907410110,219621.3995234893
908102320,151988.88594906102
908103320,137592.33994822917
908127050,131148.62198673762
908186090,148809.48896080535
908188120,145304.81454521843
908188130,137967.7008099904
908227040,66396.79323694408
908228040,120895.86031077182
909101050,111516.40902139961
909101190,136615.05486190922
909201180,116408.83297405705
909250200,144487.13151464993
909254070,175445.0401676057
909275250,152006.48575283986
909281010,226476.54741084715
909425120,236091.64850868724
910203230,66624.55246511009
910207110,88377.65488558357
910226060,148066.6591550124
913350030,216579.01406545882
914452060,143094.8520825268
914474020,211594.29497914136
914476050,147848.9267467699
914476500,181028.29757319868
916402125,173310.5088763936
916403020,197556.14611738382
916475100,303886.4059463227
916477010,310484.2927956222
923125030,73315.42878853944
923203090,166737.07990022033
923205120,124254.85901722155
923225240,130887.6324160264
923227100,147526.46779682324
923228310,67403.27914232283
923229110,181990.30413195878
923250060,165938.34152636133
924100070,173149.8001067009
