PID,SalePrice
527127150,222295.71399188842
527162130,191134.01260694055
527163010,167706.000795149
527182190,239275.3758224894
527216070,478508.9247393978
527358140,214541.39305341488
527402200,150729.78497571894
527402250,153812.83558995763
527425090,88364.28738941271
528181050,203939.81970095332
528218150,171601.99249629327
528240070,214349.3684375198
528250100,165439.41383488203
528358010,264082.83876194735
528382030,227366.53517465614
528445060,227331.71185134907
531367050,226797.88004712132
531369060,189160.05191090057
532351140,130921.09642877456
532354090,146581.30352290138
532376160,136798.64548781974
532479070,197283.71965053646
533212060,150838.94034241769
533221090,168107.080211091
533238045,277660.8504841884
533244030,225333.1760921976
533352170,185602.52990132905
534152050,201624.8821063164
534152070,197150.04104698848
534202160,144980.34848798392
534251320,160943.0157861004
534276360,112470.37535793378
534425310,144105.86896187856
534427010,148736.66174577957
534431050,220836.78334190784
534431070,154275.73601807666
534479320,143356.8964380911
535106190,167150.36873280047
535152250,146581.78663462843
535302080,117537.64590594167
535350030,137957.04918121928
535350040,125480.73618583621
535454070,123562.05576451562
535457090,148181.6718413237
902102100,125076.52445809574
902104060,76847.86841174767
902110090,154241.42662223303
902125080,100599.78969772371
902206040,126804.39572233261
902207140,109291.3493346569
902402010,150871.02600213105
902402250,146576.86757717992
903206120,193637.1351495407
903226160,107291.3027152165
903425110,150266.70574076832
903430080,122452.04874190623
903450110,112201.97618089676
903454060,48796.02961961573
903476030,135005.1744043908
904100140,214931.1773373069
904302260,113392.75013067479
904352190,124291.10973727191
905105200,118385.43105402503
905106140,148062.93462526018
905109130,283803.95633303456
905109170,237126.64072703087
905325030,214503.7068477713
905352140,226250.30469585312
905451320,137337.5738347034
905475510,128020.83026104831
906201120,249005.418772381
906223090,225445.67340928476
906380190,189734.41167884794
906385020,177578.00129237835
906402200,317582.87269577966
907200280,147942.15416414477
907203070,119090.14756520308
907250030,284173.31142733165
907290040,212524.3385099857
907290170,137156.92152174216
907414030,184860.4185946511
908102060,45543.95497312545
908102110,84197.53497667206
908103350,133964.41271287366
908226130,73217.76786602534
909100080,119998.97593967599
909101070,62569.25769083407
909250060,187212.79522716143
909428280,303723.7687758012
909452114,205392.22542857323
909455030,174217.4876047056
911204090,106238.37489809793
911370510,272240.2532069982
914478110,173813.63175011927
916386020,190510.60917340897
916386060,151066.80695637132
916386090,271349.6877402294
923205015,166343.07203016308
923230190,117850.5373017632
527105070,185687.21316073468
527105130,271327.8718072666
527131030,274066.74429066275
527146010,250892.0667988583
527180100,173284.66665316888
527276160,202857.6445732091
527301320,257812.871095613
527352150,184351.86029465514
527375180,150141.12235297493
527376100,142591.76624973174
527378140,176903.14970566359
527405180,108328.32482160111
527425110,113809.27500947333
527450280,98672.65887773712
527453060,144721.75915105862
527453140,130046.11812900104
527455050,147711.6292512737
527455080,142776.1805438605
527455090,119333.75004114599
527455280,147039.11889643283
528102040,365858.57853208936
528102140,436392.68536851194
528108040,372653.9317714154
528112040,327036.47632773936
528116010,320157.60713667446
528118060,346122.46505907696
528120030,349109.5131276205
528138010,357691.59364039445
528142040,333568.53179641627
528142090,291580.03225978836
528142130,290647.5586867836
528168030,275848.616381855
528174050,203899.16114683624
528174060,200617.50321094113
528218090,170255.8992459568
528220040,168871.96392485287
528228295,208481.06747964697
528235010,179982.69204642702
528240060,181966.08134674074
528250020,187275.1536425485
528250040,172929.0915563451
528275070,229781.12619101253
528280230,215988.49344288404
528290030,164979.1189023806
528290120,179734.20001297304
528290180,175771.97596507994
528292030,259465.9030346801
528292070,225139.6789753213
528294050,161153.74999258382
528344040,327693.14836709865
528365070,320337.38827526616
528431020,237936.99295884327
528435050,266162.78905389947
528439060,242188.0684493942
528441020,228368.87318690884
528441090,409268.170054769
528456180,243098.28886999123
528456220,195120.34129166752
528458060,193045.19597540898
528458180,215928.33677858312
528477070,257916.4130762124
528480040,235201.12551586793
528480130,211384.11235404067
528482040,261632.04016884253
528490070,201281.4079539978
531363050,136482.04986434156
531375040,159937.8443679553
531375130,160082.6360303872
531376090,211598.88055603206
531379050,225626.9279981777
531385020,186717.16323738478
532353020,110307.53917428135
532354230,106106.2543917679
532377130,123002.99771448097
532478020,291866.8228905442
533213020,193478.13170582912
533213040,185209.8010538507
533236050,199585.68789040117
533252040,331182.8333423225
534127130,183333.669438606
534127170,181352.2907324112
534128020,216949.11381727987
534129080,195208.79186803175
534152120,167643.51446125313
534175080,217451.71018827328
534177230,203474.17139148788
534200030,112869.50557488923
534226120,117490.53859623354
534251030,174639.97858236622
534252240,162181.65516139238
534275060,121703.80994829198
534275100,109257.22302096238
534276040,119947.686567289
534400290,163013.9394676795
534451110,104611.3480149566
534475185,163923.72238682632
534476320,125101.97550720345
535126010,222025.78316526327
535154130,149546.83340607022
535175030,170466.5444550395
535175050,153794.03927924333
535178040,122938.38968067318
535179160,112299.4962140186
535301170,174633.51802009967
535303150,118887.35219719054
535325290,104562.97074265801
535354070,122982.38723670207
535375050,124968.34454063386
535381040,163042.4534674706
535383060,36489.54477644761
535403190,160222.02035234647
535450160,74846.24401094645
535453200,147024.91892956212
535475010,165186.333605696
535476110,135183.13047259214
902105060,123151.15181701581
902106010,141139.20770872186
902109130,90151.80721020079
902134120,105511.51047318142
902135020,84391.89012816318
902201110,113293.40390758892
902300090,95177.21050397558
902301060,111892.69809004612
902327070,170317.28727564323
902329080,140897.42743927165
902330040,166361.76859877253
902401130,151035.96676072504
902402150,84124.19115053755
902405100,170509.53610626564
902406070,143447.16288187495
902477120,47334.90290417051
903201020,141800.12434176172
903202170,135445.20379607615
903226130,110266.09927914319
903230100,110377.04443224534
903231010,137179.25688380396
903236040,128579.54604992853
903400220,167613.04153183496
903427120,154436.54867519136
903475100,117877.33770671878
903476090,129207.94885706142
904100190,89849.56861577052
904301070,153605.33352661214
904301375,28804.346295982337
904351200,117540.08901288253
905200260,142542.1553449382
905200350,141634.74355149217
905325020,252502.86444621367
905451300,119228.43169722072
905452040,157300.9531715665
905475160,116229.07578290187
905478030,137782.78796508364
905480030,111189.15293174455
906201050,153467.17560443582
906223210,226042.40613375203
906226060,130639.76016388358
906226080,143125.79750666406
906226090,139792.40283265544
906226140,104864.47164249241
906340100,368584.72052800213
906378110,208352.0866320363
906380060,290632.1050768051
906380100,274065.6624205732
906380220,212389.89108288346
906392130,167342.69819304906
907126050,147344.97896996656
907131090,221561.31177455673
907131190,202082.89213812008
907135040,143264.14548393432
907135170,134943.947630667
907185050,195280.50383573773
907192030,181862.2073382164
907194110,184485.03631323518
907196060,194731.8137042377
907202130,153198.58680505003
907227080,127414.60495992105
907227110,128075.144939867
907252060,237565.48421476624
907252220,256838.76140103117
907265010,200559.4778438749
907275090,221651.29771256947
907285020,246260.96273122475
907285050,187398.4797404091
907290070,166643.63064956537
907412020,190032.1064762455
907414080,170932.89881255108
908102050,97410.836940406
908152100,141649.07198038237
908154040,335849.8400470583
908225370,87131.9877999769
908229020,88035.36787920877
908275040,118641.59320194778
908275110,152600.3335239882
909101010,134448.30714048934
909101140,137983.23485359544
909129090,102587.65063546044
909179020,211461.03420941337
909251170,148427.036950855
909253180,143421.4308122581
909279010,200292.57784160203
909282130,148719.952401857
909427200,157201.5552774125
909451040,101355.21105054847
909451140,114363.4464587627
909451180,121231.46580093505
909452050,221762.19887144785
910204050,172389.32948711322
911104060,54121.07433475797
914475010,135519.10639650433
914475030,179323.22156883712
914476020,112029.03503205403
916386140,209917.75409161957
916403010,187967.54865655574
916403250,226970.11414013218
916460110,197810.6369275081
916475040,361289.1679097028
923203110,177641.41915920482
923225360,96910.20536740628
923225490,107062.41298625668
923227080,161080.17673201105
923275040,163330.75255209504
923276260,139726.17521813078
923400025,161083.28533163766
526351030,215734.55496091532
526353050,227798.16787279767
526354070,199465.73372636279
527106150,206708.12039111243
527127140,308424.9959435342
527140090,219620.81198526963
527145090,202933.92429419412
527165010,184698.69429665006
527183060,226632.50665733794
527214030,403289.5491892767
527226020,149922.7380983723
527252080,337279.04065024573
527302050,182909.89616675823
527357110,127156.85137607614
527380240,269810.57876891375
527402060,154468.83530270215
527450110,96377.64814051786
527450520,108876.01526782042
527451060,90326.63237534958
527451290,78553.06762632978
527451400,95160.8316855806
527451550,105534.33599551934
527452150,127079.7587695186
527455270,94849.71866342297
528104080,429740.54800069437
528110110,404218.36852180015
528118030,384881.7718942469
528142020,287466.64953614946
528166120,388195.7590396191
528178090,337442.73287871585
528186080,321909.4031691584
528228345,221862.59798876097
528228445,177436.39700312412
528235120,185623.54488832154
528240050,189891.7621310692
528280130,192179.21064058517
528326030,289897.7985715412
528363020,310862.74715152924
528363110,356230.77812708775
528387050,280686.35647569643
528431080,233715.11620806996
528431120,243233.6031609982
528458050,221770.3290444475
528462040,212897.3718355147
528478030,268984.7746517513
528478040,226697.16427932325
528490080,197315.88146225765
531363060,152489.5651296257
531373060,186165.20634348178
531375120,165808.7835853832
531376010,173550.4771277571
531382110,184879.93661771083
531382120,212691.4066656179
531450030,193353.4711679963
531450170,182704.2389108551
531452140,146647.33000447776
532351050,108550.0152401062
532353050,128320.72284896277
532376170,100274.77839334897
533206050,179599.2856627319
533208080,153185.6646694361
533212050,149264.27621552988
533212140,147903.63464117114
533212150,148022.08113877414
533215020,258721.25019601855
533215070,248508.74146535932
533215080,249982.90559418284
533217050,153935.1820084357
533234020,226840.90202307777
533350090,322049.67529137793
534126090,188088.53741198484
534127230,171459.19251640144
534128050,154345.51941134606
534129060,197786.2654264632
534175140,134725.7605816843
534202130,149041.79233665296
534225110,135931.326204429
534225120,138196.58018424883
534250010,140422.73837948186
534403100,224492.01638695362
534428020,120609.46473167674
534428100,137783.30573549398
534453140,78270.17541591142
534477090,136556.49887017027
535105030,134990.47880324317
535126140,214605.16865374276
535150210,135059.705899333
535151160,145544.38588735333
535179060,181931.028402109
535302140,106931.86683292828
535305160,80535.05471385668
535327230,106678.78577201042
535375160,110617.8126513025
535402120,173941.31714997155
535451010,106598.76743602501
535451050,104106.3095599271
535451230,84686.8458999175
535453210,149721.69530075023
535455080,98989.17744173955
535455090,118315.97211790014
535456100,102176.21942554954
535475020,170617.07688912388
535476370,196499.53210708254
535477090,111422.24723007568
902100030,69578.79805090543
902103150,114071.07333026863
902105010,109204.923223151
902105020,244374.44170864864
902105130,61792.9434794641
902107030,122313.95371252522
902306120,136068.2362356458
902306130,149993.4628965914
902406020,113508.05442820146
902427150,108630.9640224587
903201030,132504.03818844364
903204095,91088.45449319696
903206070,143750.21667863807
903225160,112958.61811385582
903226060,161912.316658877
903226150,110063.26466630727
903228040,154310.47083578588
903230110,109960.37564217643
903232030,66758.21601945792
903234090,136277.87512276095
903400180,180012.6221244515
903401020,164303.73751467318
903453050,124552.64148116013
903454100,156398.5357716621
903455030,119593.32954181058
903455140,122363.29199055061
903456130,116429.59016786769
903484020,126924.46337901734
904100160,113478.98826930723
905104080,94841.55888335445
905202230,204638.47657308402
905300020,142279.15854291795
905401045,195668.60794851452
905426030,199618.19714400338
905452120,145191.61206346162
905477050,148821.22764885786
905479110,121384.34816847637
906223140,222974.8686441341
906380030,224595.92386282544
906412010,387300.07012766803
906420130,234971.21592229977
906424010,233717.254070532
907135260,142017.76077794863
907192130,208551.5464621449
907196050,207426.44206295858
907201060,143358.13938200212
907227300,120122.44657483674
907251090,241209.93625606684
907255020,255163.06581184833
907255060,297540.6947145479
907285080,208014.3764778203
907290150,136334.80990598054
907295020,218232.17376715367
907405020,212132.31266819977
907418010,217567.41684615257
908103280,151552.55674215313
908128050,134509.56831241725
908151040,149320.40495999512
908186040,137255.486145588
908201120,101942.9499768754
908225170,84293.02787343474
908250040,98369.75718937702
909101180,120677.01010670711
909131170,138655.2679809358
909250230,153666.68247782422
909275050,162759.79352450097
909276170,176431.01973363358
909281110,213241.52698256506
909425085,248811.82551157248
909428190,222304.71659078862
909451150,149379.82769306074
910200080,127948.19099492976
911102090,81136.79817815252
911102170,92023.05152491995
911370490,347651.8299083435
914476010,164295.93626786408
914476450,198309.48529063017
916125425,289488.57914815994
916380060,274553.8630105192
916403230,185234.62328681623
916460060,235983.87984110002
916477020,293386.2792280092
921126030,249783.1135941496
923202005,197845.84072295093
923203140,170331.79518174563
923225080,123414.51503696493
923225370,105217.09172338806
923252100,126072.76498182646
923277040,145529.39876802318
923426010,122230.82911653208
924100020,171691.01272389016
526352080,195049.6483933701
526352090,188479.17234860198
527110120,175439.14508493614
527158090,166997.7627649294
527162090,155985.15621312495
527163080,150157.52846565214
527165100,157019.28598378052
527175130,153032.11582899647
527182170,246038.20909026192
527184020,211486.0097352319
527210060,351460.9415023508
527226040,174326.91733867564
527252050,312951.5901995685
527252070,277817.312431711
527301080,185410.18024665848
527302090,213403.0799976891
527325110,189554.33792803597
527328020,139558.06734595486
527359010,187421.7755509013
527359080,193687.1436172227
527402240,186189.4449676922
527404100,109638.57554280979
527425140,108158.72748329092
527450220,115897.92467924078
527451170,125668.68097212621
527455030,145616.11112259628
527455250,119125.14378515405
528102120,284325.26186123444
528104010,344695.12491821696
528106040,394229.71078611
528108160,294909.5024446014
528110070,299457.1153256771
528110100,393026.9076307061
528112150,241958.17016285833
528118040,375439.31523638335
528120150,301581.4742215821
528144050,350264.10500843154
528150040,359404.528929459
528168040,292592.86353827536
528172050,248513.35128162388
528172075,256114.42159625684
528174010,193131.6448839834
528181080,202423.80254455708
528186050,314434.5729868063
528186090,313312.90394788835
528186120,338108.8987834189
528188160,211484.62750386825
528218020,169393.28389652754
528222060,188498.70920065505
528222090,185194.60607689113
528231010,228928.23571368027
528235000,165647.73616908258
528235160,207737.97443015492
528235170,216387.44671661488
528290170,187089.87189626388
528320050,519200.03937049943
528327060,472869.3120003786
528354110,310121.244159108
528429090,321833.301949422
528431030,213677.41582795326
528431040,418377.64841812965
528431110,290749.94106630865
528435070,238703.7831910988
528445020,213424.29494195787
528456190,211907.44675519122
528456230,200638.670270761
528458080,242294.24892099123
528458130,311271.1872218638
528477020,230530.87866733357
528482010,241116.1299304127
528482090,262842.3622295861
531375140,156425.43073940236
531451150,118792.47024908313
532378240,113086.24193857219
532479050,144323.65046117044
533120030,354752.73993492336
533130170,325359.5799285179
533208040,211370.71578623427
533208070,168789.49764403416
533213130,169242.27418074926
533236040,179062.89831404624
533242090,275724.8146329867
533250190,234603.8901974003
533251110,320230.526495103
533251130,194121.38898576092
533254130,191072.8279733154
534104090,227894.64673973032
534125120,127997.45831828566
534178010,124635.27690795778
534201040,129743.99235668547
534202030,136966.77314289875
534252110,125828.38706571146
534275170,142937.13981471892
534276180,116733.85509250248
534278170,137405.25202988728
534278190,108451.46817388863
534403290,211795.82800114877
534403420,139195.44972510805
534425080,174713.3286071598
534429030,77596.76013784371
534431020,123755.25142802465
534450090,8496.965779928083
534453080,110976.74827532884
534475170,174018.93235753095
534478140,153430.9192812304
534479120,104116.45641250836
535101150,135527.8198333289
535105110,160157.77111302764
535106180,133717.59681480585
535151100,121925.32155634415
535151110,138195.6226000136
535152060,121933.8084491542
535177110,179392.13390698726
535181030,184694.6647585655
535181140,156351.7956134057
535302070,123853.94442475325
535327200,123131.42209061397
535353160,114175.78045601364
535354050,121981.96180093182
535375130,100104.19606289644
535378080,127820.3645159826
535379110,136198.59488245923
535382150,79453.32066638592
535450220,111467.44158781478
535451040,112550.4413861736
535451110,130403.36879184103
535452060,126942.88347933821
535453080,149220.10424006562
535476360,218009.0820112142
535477130,158489.05861297227
535478040,108934.32042641456
902105110,105164.5238104944
902106070,125051.85692876266
902110010,97142.50787420035
902202070,138437.83408804142
902301030,134503.69514510347
902305010,149258.8725224292
902408080,216014.95605344017
902427040,104881.71919931256
902427180,111607.3175235202
903225040,121006.38774305074
903231180,116714.67985326578
903232100,130896.28053103107
903426010,131413.1501799703
903453080,195557.55369881756
903454010,121450.01874345305
903454090,133524.4644353548
903458060,119556.06004523809
903476100,73008.85019105021
904101070,253382.86983832938
904301110,108504.87886285753
904302010,111600.06976820549
905100080,153096.54872661506
905102010,149475.8531261917
905103110,125504.1036053035
905105040,97108.64540413064
905107140,134398.9145244937
905201080,161637.96335486596
905226080,158805.50567176318
905226170,137682.42982553656
905301050,306432.7047500157
905376090,142844.76408145842
905478140,137321.6604449072
905478220,151457.86307379502
905480090,100823.55519938136
906201022,184066.24168659482
906201023,222215.84284801706
906201200,270726.44910667243
906380040,251326.58739745888
906380120,207873.67708795218
906380160,182581.87904656187
906394050,170805.4053588615
907125040,146723.11051288576
907125120,130304.14503050843
907135180,118264.05626616135
907180040,196837.4389086052
907187040,226891.7694225735
907192120,213829.77347470043
907192150,184824.8251610546
907202220,127663.99858756109
907203060,108154.42357161723
907260040,185346.84965064118
907275080,246103.4034537006
907290140,135496.8623563703
907295040,231829.76325441708
907410020,189185.6107382433
907414060,184358.63492790787
907420060,173274.81966313845
908102100,163086.8542741401
908127070,139682.82117960998
908152070,157130.2630873989
908152280,173159.96139077464
908154205,612318.2191793057
908225240,100012.41083566009
908225310,73280.85839413054
908226180,73309.72052353903
908250100,87779.20227885162
908275090,110199.9013467817
909252010,157887.340576445
909252170,149366.9107221213
909275110,185009.17131638518
909276210,164882.29722564595
909281020,138304.0813511385
909428180,208321.3882610005
909455060,159944.1073500934
910201020,87169.38702218882
910201180,161703.66999568834
910205130,129754.91062610965
910206010,27004.104896325152
911128010,121628.18919324239
911370460,274953.65497933957
914452090,180363.0861808381
914452190,140280.89695401443
916384070,277599.3090426888
916384150,246486.10612399582
916403040,176132.18945339904
916455010,210912.9455596225
916455150,303302.5289537533
916460020,198341.61214132054
917425190,222598.1600219142
921205070,276783.95590855525
923202134,141346.23595760984
923202220,172623.5841748132
923204140,141635.70901766006
923225050,133680.97657797416
923228220,83417.47390554003
923229010,141517.56314667163
923230180,122859.51403628153
923251160,148299.5804389164
526302040,152909.07694851878
527108020,234200.31230580658
527166030,180645.8271535156
527182020,181657.39676261594
527190220,277665.87024959445
527210040,497607.92047206935
527210050,365802.0032931671
527216050,465960.67887401517
527252090,314510.1216219602
527254070,334501.8133502172
527327080,173076.36254727052
527356020,283991.03098810813
527375160,181242.90312418755
527376110,175766.54322804586
527402210,111103.29974208957
527403120,83146.03979614755
527427210,183788.75263443944
527450080,117049.93195024342
527452290,148477.42320717708
527453070,133728.1674094337
527455100,133741.46178105415
528106010,342149.09627635556
528106120,247309.304897981
528116030,329425.6073746644
528118010,321499.8882654285
528120140,380054.16958746105
528142070,352438.0032890626
528144030,308006.02751670906
528150080,376797.18564300967
528172020,278568.83658866066
528181030,207821.33252041467
528181040,207861.05686639465
528186110,320934.2369002152
528218060,181745.7513623935
528218080,189797.1398139757
528218140,228313.00886754185
528221010,191595.3445866995
528222020,190575.49532424862
528228360,198020.6392456724
528228565,197382.09699068964
528231050,186160.6828117436
528240080,216126.96475552997
528275060,174173.56177376254
528275080,199532.38939158793
528280100,194157.47619487514
528290140,193419.60631485877
528294070,228248.28269871644
528315070,277920.7689795355
528320060,501221.4490635535
528358030,319223.23350472917
528365090,309761.97609480494
531375070,138670.8257347566
531375100,187079.50273268335
531450040,169121.65034929954
531452100,145713.75488987425
532353180,144309.33054694204
532376180,98969.34002302162
532476050,299504.45183875476
533110130,276233.0483421214
533128030,270751.1749413245
533128090,262326.7464022887
533212100,143194.40152135436
533212110,141987.71754583647
533223080,165282.7344624972
533241010,188837.31407583982
533242030,204560.49799460996
533252020,165713.0005705366
533253090,188168.744976091
533253160,180012.6688366559
533350050,390895.44844945776
534127190,260928.61394215366
534129230,166741.87261882977
534176250,139280.00305019622
534201280,130571.64112868915
534202180,149699.72408099758
534250300,185586.27932494655
534276230,149190.56379992273
534403280,162708.59579775034
534403440,138893.53700121888
534453150,118770.55752637002
534479240,142091.08283352945
535125060,218139.00803394426
535150240,109567.79185652065
535150300,282382.4531032697
535151130,133950.5653335664
535178100,156041.91921795064
535179050,136674.15721505898
535301150,137056.96723476282
535304020,132702.49898490848
535305120,159396.7713314961
535325460,187216.70204894876
535353180,229236.04968848865
535354130,131346.21822578274
535355100,110647.0738133268
535380130,119784.49913838864
535381060,78312.92865598842
535402100,146098.9525920276
535403150,155152.13210614925
535404080,114239.65872822444
535425040,191412.49682831837
535451190,103893.66901305698
535454030,64065.19518929564
535478010,117305.9108589461
902100130,79449.44005113016
902104020,141998.7778633735
902106040,174728.08655433633
902110120,126550.0929787744
902128100,120524.619788304
902325050,159827.51118435684
902325160,92653.25382580713
902329070,117448.19009243115
902329090,160286.2047800312
902456015,56062.13853669248
903200050,57403.10723683257
903231190,108380.98894733778
903232170,70646.02483032417
903235020,72384.50999329689
903236200,102270.40813182853
903400030,88213.12106518303
903455090,121479.96865777671
904100090,167670.55241818598
905100030,136863.07719561632
905200380,91387.07462480517
905201090,162813.7985323177
905351045,188317.15940237112
905426100,215700.9893410126
905451050,157409.71925104503
905452150,140853.3754924439
906204180,237794.20030065664
906223180,211401.73676307657
906225180,201632.99377619254
906380150,171846.4598315166
906392120,310593.53126901377
906394010,231813.39807914998
907125020,135898.06188987216
907175030,224206.22736993624
907187010,215704.8843672644
907192010,218579.16902945944
907194130,195726.40893016296
907201160,152416.64079216975
907203010,114810.37607162737
907227090,118382.74618046662
907230240,136414.94173238048
907290080,223435.56006895163
907290260,259530.70948909025
907410100,185176.29763844068
907410110,228854.73305687297
908102320,154351.77420443646
908103320,142121.29309855567
908127050,130239.94440577031
908186090,157952.93282737368
908188120,147340.22239629226
908188130,140542.24621161286
908227040,66857.78131620823
908228040,122224.0070843729
909101050,118025.28914838601
909101190,117627.75663713695
909201180,113287.78175537703
909250200,141961.32015200472
909254070,175533.05936088727
909275250,139965.94898436125
909281010,227833.86116199376
909425120,225938.93638212874
910203230,65176.00539261948
910207110,83374.20713150626
910226060,149287.76631285372
913350030,217851.95630929823
914452060,143040.215066214
914474020,212116.28141923354
914476050,141607.08664126426
914476500,178845.37410617643
916402125,172864.16526049972
916403020,207490.15651227647
916475100,310006.8875380353
916477010,314591.25657634635
923125030,65319.97842652342
923203090,169371.28975054246
923205120,121796.07924938886
923225240,127982.60211779969
923227100,142659.01335283302
923228310,63572.53517807566
923229110,180913.95524772856
923250060,160334.3866113297
924100070,172504.45846670467
