PID,SalePrice
527127150,218945.24521870675
527162130,191139.02447316094
527163010,168856.10916428472
527182190,236475.86792755476
527216070,484836.4251294589
527358140,214380.18614855682
527402200,153286.19187690166
527402250,156812.53373100457
527425090,88107.12020135457
528181050,203238.72242073773
528218150,172793.1699506516
528240070,215775.66025509854
528250100,166140.3796752052
528358010,263084.7131300159
528382030,225324.92645969597
528445060,225631.51245326514
531367050,227107.9878157993
531369060,188342.5956451835
532351140,132654.20071493252
532354090,152197.29288623462
532376160,136998.9179824441
532479070,192297.61485726375
533212060,147461.30750985886
533221090,165441.22213558084
533238045,279287.5060092147
533244030,227512.28526751554
533352170,186382.399140065
534152050,199532.9004644544
534152070,197036.68724366595
534202160,142958.6369002778
534251320,160187.71873405602
534276360,114538.29744930247
534425310,146303.90717741547
534427010,148427.00653701834
534431050,224475.8832581949
534431070,154447.11421520505
534479320,140856.1104567759
535106190,168689.16672203297
535152250,145795.7012376688
535302080,117793.99095356697
535350030,138261.5787535578
535350040,125873.65887921126
535454070,124401.47020011963
535457090,149531.71453578686
902102100,126078.97694743682
902104060,81306.65843033475
902110090,153195.55609136113
902125080,100648.5436981126
902206040,127275.31564524915
902207140,108624.75355188365
902402010,150978.4825892509
902402250,141071.9966882972
903206120,191374.91880166458
903226160,110538.64356133669
903425110,151703.35143373764
903430080,120411.34543066988
903450110,111428.1222327225
903454060,47582.52012455679
903476030,132125.4502910214
904100140,215184.3276015381
904302260,110570.41171452292
904352190,118307.94420851073
905105200,113160.9974313804
905106140,149118.77070018614
905109130,286296.28051655466
905109170,236921.90301786974
905325030,220000.50567755447
905352140,226287.7965111987
905451320,137242.02834833448
905475510,126976.51787885248
906201120,243986.73580003087
906223090,226978.37975549608
906380190,191176.24750572102
906385020,178172.67454652506
906402200,319116.83860767214
907200280,148348.43976570427
907203070,120897.18368143
907250030,285654.25144837087
907290040,210335.43825586664
907290170,137459.05664429694
907414030,182349.83226829575
908102060,46697.99845857502
908102110,85737.61861259355
908103350,133076.38010413153
908226130,73895.54653177963
909100080,116297.98228400268
909101070,62891.76909562833
909250060,191041.54467296577
909428280,308587.54042908305
909452114,202386.89233203034
909455030,175870.14040204938
911204090,105545.57938135497
911370510,274718.7114232754
914478110,174523.7453109083
916386020,186339.46266283657
916386060,148814.02521041423
916386090,265664.5507962876
923205015,165439.48495164234
923230190,118067.61820176456
527105070,189282.9346462808
527105130,271016.176168795
527131030,274491.6437780412
527146010,247603.25669832717
527180100,174814.48695606817
527276160,204769.8815406775
527301320,260060.86468526517
527352150,183796.85293134445
527375180,150154.63546627425
527376100,140337.69001810622
527378140,176158.38269258098
527405180,110948.79835637448
527425110,112759.07496398776
527450280,95554.21241874497
527453060,143716.71365463524
527453140,125920.84166277426
527455050,149138.28434638068
527455080,144591.98276954287
527455090,117893.15194129624
527455280,145018.04515677298
528102040,369226.50227656064
528102140,441924.5214677643
528108040,376115.34607556544
528112040,329895.4631007175
528116010,322184.4388590985
528118060,352004.28907355154
528120030,352578.5131163753
528138010,363079.76907587715
528142040,338853.88293678046
528142090,296000.10339647625
528142130,295301.88228180754
528168030,278731.8304424074
528174050,205004.82918744357
528174060,199835.9070127659
528218090,172299.94202788046
528220040,169364.43136728465
528228295,210656.05272249537
528235010,181237.18717365767
528240060,181015.86469676063
528250020,189907.74636094435
528250040,176107.66929679966
528275070,230278.9549977552
528280230,217105.55400222036
528290030,163666.79599528515
528290120,180205.88096808863
528290180,179735.57897690788
528292030,260795.91103271508
528292070,224742.46969642368
528294050,161166.9353289997
528344040,328312.34064741025
528365070,320994.3123495121
528431020,237120.14067004173
528435050,269175.30305571656
528439060,240908.04497189942
528441020,229843.03612045245
528441090,413817.52507623273
528456180,243367.13887470847
528456220,195068.9594373674
528458060,191318.1745283897
528458180,215685.0785762117
528477070,260450.1482019689
528480040,234928.70662516297
528480130,215647.2874611715
528482040,266672.9490664142
528490070,203024.65969063586
531363050,135158.48779629703
531375040,159444.6728174772
531375130,161452.72468624037
531376090,208366.55203031274
531379050,226777.44072588906
531385020,186757.64884429157
532353020,108528.2445871011
532354230,108683.86800251955
532377130,126322.03708192884
532478020,295628.51003429247
533213020,194864.00961383354
533213040,184475.393874928
533236050,198135.5938398588
533252040,336851.06328364427
534127130,181173.56836599
534127170,179354.21794891538
534128020,215604.66116093734
534129080,195697.67903792296
534152120,168349.5643236596
534175080,218151.5398812467
534177230,205519.4197378924
534200030,112571.83592043079
534226120,118202.84054056837
534251030,174369.25156093328
534252240,165536.77534759833
534275060,127108.00152678142
534275100,109209.13530463354
534276040,150431.2099223514
534400290,163254.43968998152
534451110,102628.85642416052
534475185,169198.23854244244
534476320,123692.72791697661
535126010,221337.35167096637
535154130,148080.4943884367
535175030,166941.23122644087
535175050,154344.3203846356
535178040,122609.68565905088
535179160,111474.97008460673
535301170,173811.65805801918
535303150,122181.0694804136
535325290,104346.29964321977
535354070,124076.90245002953
535375050,129521.92209666457
535381040,170275.44001027048
535383060,35596.19085129668
535403190,160913.48038780264
535450160,69706.17691902805
535453200,147109.30305681488
535475010,165562.838521075
535476110,135689.0758471256
902105060,125379.93100499807
902106010,143398.7758009083
902109130,82309.34186922401
902134120,105971.89175530236
902135020,88666.27120265028
902201110,113332.02732834175
902300090,88580.94915580798
902301060,111834.20958403627
902327070,171865.64415382664
902329080,139309.46474587393
902330040,165332.46653021066
902401130,150662.74264712288
902402150,80898.2995932042
902405100,169186.68963487475
902406070,142262.13696081602
902477120,52790.51833791603
903201020,138104.3101884436
903202170,134667.1701423233
903226130,112627.60397969988
903230100,111011.53335362645
903231010,139630.63113719283
903236040,128822.1206589854
903400220,164104.6131198667
903427120,152885.4281316374
903475100,117612.54705017636
903476090,126936.91604514874
904100190,88333.02126406645
904301070,156023.41031168716
904301375,28687.872877250455
904351200,116863.22103708022
905200260,143447.87593891533
905200350,142531.45920446972
905325020,250853.85989058437
905451300,116242.91890895831
905452040,156632.51326654907
905475160,114379.5285909364
905478030,141490.23302450136
905480030,107354.01588297865
906201050,156619.607270189
906223210,228826.34383579984
906226060,132314.70718840224
906226080,147014.59148914053
906226090,139568.64202823408
906226140,104461.38154915496
906340100,368782.398257575
906378110,206683.7008978869
906380060,290889.043372275
906380100,274748.38397895225
906380220,213305.71388511453
906392130,168760.75664252273
907126050,147864.4093070344
907131090,226162.20621587217
907131190,202980.9271418192
907135040,144291.4755940165
907135170,138795.81994782045
907185050,197961.94075272564
907192030,181290.32402516666
907194110,184369.65543248365
907196060,196623.84816044665
907202130,153857.02673592695
907227080,125290.99158119474
907227110,130647.91684694408
907252060,234163.31664814442
907252220,258185.8871766979
907265010,201120.53056158486
907275090,222076.90391394863
907285020,246160.38936201087
907285050,189825.90058250405
907290070,165807.2604850789
907412020,190604.75316862215
907414080,172699.7326496491
908102050,99856.97174643405
908152100,140854.92604632833
908154040,338506.91761246964
908225370,80968.53283110137
908229020,90364.53846108989
908275040,114560.47686159462
908275110,150768.99384956155
909101010,132745.14586455637
909101140,142844.29202491374
909129090,101259.72274077393
909179020,226922.4589706494
909251170,145215.23721396172
909253180,140796.07670567767
909279010,198920.9022891498
909282130,153532.18393797887
909427200,156612.26192934782
909451040,98296.8312551437
909451140,112790.2491089617
909451180,121207.60968795343
909452050,222866.82825129176
910204050,168368.78501838917
911104060,58372.421514951755
914475010,137561.8766544174
914475030,179772.773697076
914476020,108036.52439264434
916386140,210413.1882981844
916403010,188997.52109317057
916403250,224779.3849508273
916460110,198955.41417554615
916475040,361735.2314822908
923203110,174905.02416679863
923225360,93267.9552379532
923225490,106837.67602122213
923227080,160662.98443815357
923275040,164103.82511556236
923276260,137090.1560048214
923400025,166804.4900032502
526351030,219411.27959974646
526353050,231199.66518073744
526354070,199776.57669875593
527106150,209055.5253370098
527127140,308667.08394606214
527140090,218142.01741491948
527145090,199422.33549627318
527165010,183841.31436781888
527183060,223904.77918155087
527214030,404896.4613300761
527226020,155091.07290787058
527252080,333329.9389402877
527302050,182349.6829615141
527357110,131026.54015647396
527380240,270432.14578012057
527402060,155836.86535229612
527450110,91836.04365655434
527450520,103528.05388997453
527451060,85598.62081887928
527451290,75537.9805341466
527451400,93946.97790971647
527451550,100830.09536481863
527452150,129185.3054371193
527455270,91837.73838357494
528104080,434450.2803268031
528110110,414374.2797706808
528118030,388359.41766306944
528142020,290311.8501579473
528166120,392499.0850657368
528178090,337906.767951003
528186080,322266.46014596545
528228345,226632.5901745139
528228445,178822.23462709007
528235120,190249.8242165212
528240050,189018.00512583315
528280130,193935.3325840077
528326030,288275.6166416296
528363020,309290.71234000137
528363110,357957.16461228114
528387050,280849.29575060715
528431080,231458.30592058142
528431120,241480.3441535284
528458050,220014.63006765943
528462040,212020.76603958043
528478030,266656.2684284074
528478040,228381.60090256203
528490080,197394.24859263876
531363060,151372.02993301334
531373060,184290.1419703269
531375120,166908.5439945234
531376010,173532.6699687801
531382110,185503.1931823658
531382120,212296.38679183452
531450030,195122.57987882767
531450170,179257.9105221947
531452140,144475.4887515382
532351050,108841.51420356586
532353050,129657.18062243066
532376170,103516.53255222445
533206050,177238.59607327526
533208080,151724.92363184347
533212050,149362.84642988868
533212140,147524.83301061677
533212150,147966.14688357408
533215020,257387.40563179486
533215070,248179.94284707415
533215080,250459.5238651497
533217050,151290.20223344342
533234020,230765.6876282073
533350090,324654.57129532506
534126090,183704.08321325423
534127230,174718.76418672045
534128050,155416.2756092828
534129060,198228.8226970256
534175140,135713.20705004566
534202130,149634.29605001328
534225110,134808.96260419453
534225120,134245.53776358755
534250010,140864.05150091887
534403100,224556.27052383043
534428020,118631.91650016062
534428100,137686.4718849933
534453140,77461.97632517974
534477090,132328.88283766477
535105030,134445.2985030519
535126140,215939.43517835232
535150210,134576.67743196827
535151160,145509.43971402975
535179060,182317.75285102497
535302140,105478.29016990072
535305160,83583.85683410746
535327230,105342.97084132882
535375160,108332.28456168756
535402120,174379.37389484048
535451010,101930.77539141463
535451050,106041.95569586611
535451230,82703.01212972088
535453210,151795.1039766674
535455080,100981.55585823065
535455090,117983.10561562763
535456100,102135.74582874466
535475020,170004.4539578797
535476370,197823.16547904367
535477090,112310.98456423443
902100030,67822.0205563276
902103150,113300.39745912058
902105010,105138.41568397434
902105020,250413.9653046983
902105130,62533.14939309721
902107030,117174.91443486113
902306120,136297.04991746513
902306130,144673.73609789426
902406020,112485.89492661922
902427150,108809.30626006835
903201030,130307.85143707333
903204095,93004.46431527889
903206070,142316.53710938856
903225160,116023.84279421563
903226060,163434.19184099647
903226150,113946.28195511183
903228040,151298.17953646585
903230110,102952.61992569282
903232030,73523.99164792562
903234090,133681.25793876962
903400180,179164.9966134707
903401020,162635.6504707606
903453050,125472.35027307254
903454100,156065.1954823183
903455030,120251.28189650571
903455140,124844.69603662762
903456130,116985.62416462207
903484020,126823.15138291958
904100160,113675.11328825982
905104080,93136.48553712555
905202230,208368.27232951685
905300020,144691.92249999323
905401045,195972.369248757
905426030,200758.48151129193
905452120,144228.38511489762
905477050,150098.4127913616
905479110,123940.8972069553
906223140,224916.64743081905
906380030,223617.14540400077
906412010,383924.85624099406
906420130,238858.1611801338
906424010,234317.14795457319
907135260,144512.40895943498
907192130,209838.5282033743
907196050,208471.77293675338
907201060,145605.10412278608
907227300,122543.74606355876
907251090,244016.02628462468
907255020,254745.07521116536
907255060,297448.1361013214
907285080,212063.68863899395
907290150,136670.5462478866
907295020,220907.87752304785
907405020,212467.46318813303
907418010,219295.1346853724
908103280,151832.32178481796
908128050,134852.32253986388
908151040,144895.249254638
908186040,134698.0509582692
908201120,101999.10701074358
908225170,85388.56776388334
908250040,99102.78285772927
909101180,119163.09866911083
909131170,137610.09799325746
909250230,153419.59238808462
909275050,162572.5889054789
909276170,176899.1677679004
909281110,211007.24820384113
909425085,253576.752427093
909428190,220154.39570009877
909451150,145645.73382213293
910200080,126027.46086669034
911102090,87088.59667538549
911102170,96645.24828699767
911370490,349363.699199716
914476010,164717.24721606585
914476450,202063.24253684253
916125425,294784.193091532
916380060,275462.1770626438
916403230,184795.7367674513
916460060,234332.05139128413
916477020,292635.4577314241
921126030,252012.66048705688
923202005,201907.51337475982
923203140,166862.58923255187
923225080,123497.89261945907
923225370,102157.577609826
923252100,128624.28347248801
923277040,147142.4112583751
923426010,124443.95494258561
924100020,176082.64609318876
526352080,196708.5462467989
526352090,192518.68075080792
527110120,178031.75227533554
527158090,163502.48420896954
527162090,155579.58157838747
527163080,146625.48262954387
527165100,155684.92838945688
527175130,154569.93417040532
527182170,242420.38844079964
527184020,208626.1923573363
527210060,352753.45132232737
527226040,182181.358615208
527252050,310529.4303296909
527252070,274975.4090297864
527301080,189149.8224714177
527302090,216020.97427424922
527325110,195769.90059641577
527328020,139392.82029527542
527359010,186514.81223989563
527359080,192950.34240754848
527402240,185277.81342469156
527404100,109305.01137466004
527425140,107912.69431493626
527450220,112253.40559440159
527451170,125698.71860863846
527455030,143888.71445029357
527455250,117500.8530410277
528102120,283788.42010393925
528104010,352257.3268851969
528106040,399700.92392256024
528108160,295769.49959322024
528110070,296892.48342266516
528110100,395858.0414587861
528112150,244339.09764134986
528118040,378994.8710958095
528120150,300850.2567742221
528144050,355399.3823992334
528150040,364467.6050066713
528168040,294310.91467729013
528172050,252472.4433418826
528172075,256060.89138086984
528174010,193479.00381260578
528181080,202939.99004997735
528186050,314216.10828297393
528186090,314377.7155104618
528186120,332923.68265992985
528188160,213568.66087057831
528218020,170549.6820406817
528222060,186809.11360364602
528222090,180879.5770388965
528231010,231815.5143898433
528235000,167596.73386212726
528235160,206513.87072108773
528235170,213052.08707336287
528290170,190373.6146039992
528320050,573003.7220782335
528327060,473100.4485738155
528354110,312148.46415974427
528429090,325768.3842383857
528431030,214279.1540364236
528431040,418412.0664374201
528431110,287349.6816258781
528435070,238006.10509508432
528445020,217344.11224939054
528456190,209548.73643692158
528456230,198620.53897371917
528458080,242197.00323030888
528458130,310333.48155505356
528477020,231380.62950991138
528482010,241636.6183187781
528482090,262433.3137314871
531375140,157390.75087955056
531451150,116758.17353407186
532378240,112789.9522879167
532479050,143909.64619564108
533120030,345171.4923476126
533130170,324594.5527466972
533208040,210601.09290485946
533208070,164724.87608621788
533213130,167492.64199513363
533236040,174781.90562828066
533242090,278272.72294246854
533250190,236039.07907781372
533251110,318471.9320703262
533251130,197283.69586242095
533254130,196855.33975826894
534104090,232524.48164038194
534125120,128705.99446700458
534178010,123231.98967889276
534201040,128907.35523314087
534202030,136882.5029149048
534252110,123378.94891903714
534275170,143895.72349340163
534276180,114293.05108565823
534278170,137236.4676243749
534278190,107560.00529984896
534403290,212619.41694762703
534403420,138481.52359681058
534425080,172289.82748025883
534429030,77838.96202178
534431020,121792.30956884983
534450090,12784.946881912445
534453080,113863.72567926452
534475170,173809.95712264028
534478140,151395.43456164183
534479120,102813.06297567453
535101150,136093.8769143666
535105110,158715.86876162226
535106180,136702.71944170102
535151100,124465.77741006907
535151110,142303.12288156385
535152060,121660.30821778053
535177110,181266.49678275533
535181030,187075.800128086
535181140,155144.49845667664
535302070,124925.77081590699
535327200,120475.59641949955
535353160,114492.71301453828
535354050,121965.16233215304
535375130,100285.4951875039
535378080,135119.89112139196
535379110,136966.5108776337
535382150,80027.72020369938
535450220,112111.30935163537
535451040,112834.53904693955
535451110,128670.0130908827
535452060,127116.51565627658
535453080,148789.38830332368
535476360,214817.47820103203
535477130,159591.3386522954
535478040,109467.19730022424
902105110,104068.10531960404
902106070,123688.39162792347
902110010,95233.11047030639
902202070,135478.91907237118
902301030,129918.2844368582
902305010,145045.66774304703
902408080,216230.70281201118
902427040,104759.06221165959
902427180,119522.33321850709
903225040,122434.75352342497
903231180,116666.20557344754
903232100,130228.27775472046
903426010,130984.65704800523
903453080,196634.28502426206
903454010,120420.47105248543
903454090,132614.82961950166
903458060,120273.05319747521
903476100,74476.40152467244
904101070,257783.1100721634
904301110,111110.92586737097
904302010,111802.56001357763
905100080,159774.26316331627
905102010,145866.83576321375
905103110,124114.91354523945
905105040,94430.05372564332
905107140,134658.03358979037
905201080,161252.18126685292
905226080,157867.75556763433
905226170,136613.0265450536
905301050,307943.3912644123
905376090,143651.71078597693
905478140,139881.55606125493
905478220,149695.123441877
905480090,98155.37736215035
906201022,185613.9409963003
906201023,226262.38772688207
906201200,271742.0659817952
906380040,248101.3713643139
906380120,206791.3551313226
906380160,182882.30072559408
906394050,171097.97970581925
907125040,147734.88442387036
907125120,131957.84620439907
907135180,120564.9690372902
907180040,198840.73302064813
907187040,229289.95315472863
907192120,214991.4919929684
907192150,185048.28488806222
907202220,148337.5652322645
907203060,107382.94843236903
907260040,183445.93514020456
907275080,246833.79071564027
907290140,135508.0366467531
907295040,235245.57403573545
907410020,187902.84450372902
907414060,181177.49312314534
907420060,173441.17117367545
908102100,167283.90334820718
908127070,142623.96627788796
908152070,153273.75609297224
908152280,177033.72054416777
908154205,616395.0360179249
908225240,98957.04743053761
908225310,73973.4700581039
908226180,71539.51997792491
908250100,91292.57939188674
908275090,116653.65263345816
909252010,160587.39814454762
909252170,150370.58495397147
909275110,183205.36552956028
909276210,167333.60189002453
909281020,140968.13668225362
909428180,208028.87910025832
909455060,159932.38333458966
910201020,90389.99532847185
910201180,162580.27611214967
910205130,132044.25592679592
910206010,29394.093075664714
911128010,129461.38708029375
911370460,279814.8139688547
914452090,178834.53382617352
914452190,140959.69897838554
916384070,279050.3077491033
916384150,242057.5709004028
916403040,173495.30236688006
916455010,210146.57218152063
916455150,305997.2573942554
916460020,196575.35897255555
917425190,225293.16559411283
921205070,273285.9303048353
923202134,141155.92542610128
923202220,184118.44964768455
923204140,140688.1998744501
923225050,132973.5663393045
923228220,83378.73622388525
923229010,140865.64832562895
923230180,125827.77378463748
923251160,150350.86582855636
526302040,152078.51954918602
527108020,230276.6859271723
527166030,180837.54306411144
527182020,176323.65964030314
527190220,276445.0167760051
527210040,495474.6489968612
527210050,361444.48780594784
527216050,462242.74521371163
527252090,311026.07419152424
527254070,334228.1736421172
527327080,173001.76737809577
527356020,292873.9254705306
527375160,182043.19731174002
527376110,178617.63631335727
527402210,114092.5084690074
527403120,85189.84300030857
527427210,182808.57078826005
527450080,113263.68319533682
527452290,146526.6539430741
527453070,130273.98413643957
527455100,132696.31380264473
528106010,343519.8087748468
528106120,249708.90839093475
528116030,330859.27616760635
528118010,318896.41597243364
528120140,384752.93253679306
528142070,352271.0237937863
528144030,309493.8297302334
528150080,378777.9802260217
528172020,281059.1248810686
528181030,205317.64027813502
528181040,205662.20375646066
528186110,318197.7807800262
528218060,181631.9146074172
528218080,189272.19421798913
528218140,225384.95783726446
528221010,189924.42835560956
528222020,189665.0156705078
528228360,201739.61029054518
528228565,197649.59309426753
528231050,187103.18865144387
528240080,215774.78286508168
528275060,176204.83339124778
528275080,204492.12506453277
528280100,196072.0132566014
528290140,198332.6085425246
528294070,227899.7599569324
528315070,280598.2955639806
528320060,503526.91545771435
528358030,319479.30686403124
528365090,308449.4721717913
531375070,141860.709897096
531375100,186579.73951383343
531450040,171223.03136607137
531452100,143107.93833169213
532353180,145549.7926691837
532376180,95544.28925402231
532476050,311935.6538400856
533110130,276359.31246597366
533128030,272188.83383375173
533128090,265437.25226431555
533212100,141269.23830397116
533212110,139094.44708492176
533223080,163504.11139033578
533241010,187739.155107581
533242030,205113.05413107658
533252020,169692.29021791212
533253090,198544.51022423472
533253160,189113.7729809437
533350050,395922.75555679866
534127190,253974.82586285146
534129230,173725.10956465013
534176250,136722.27560807992
534201280,131618.44320555739
534202180,147213.9179087177
534250300,184212.50698524844
534276230,148853.93354748067
534403280,159722.72651107653
534403440,141321.3521767515
534453150,119011.94809664242
534479240,141753.56235251884
535125060,216683.33443011186
535150240,110665.42448522293
535150300,334319.5074744779
535151130,134662.16202740296
535178100,156645.62230949802
535179050,139505.60259651623
535301150,135956.5749866453
535304020,134704.49389610975
535305120,157470.86106835358
535325460,194718.40944552538
535353180,232894.68221589332
535354130,132392.26111710642
535355100,106357.34993733504
535380130,119784.79553981898
535381060,80340.75893163754
535402100,145553.62232627912
535403150,155236.90402881015
535404080,116334.11667882674
535425040,195406.94637526633
535451190,102563.17813282873
535454030,66042.88689712077
535478010,119347.68224843647
902100130,84238.73718463838
902104020,140516.26282888436
902106040,173000.94831500188
902110120,127364.54971762779
902128100,122620.06233195946
902325050,159235.12273096287
902325160,92603.3562094175
902329070,117480.73903762431
902329090,159575.1856111419
902456015,60448.03089928994
903200050,61983.78689175437
903231190,109884.93424192297
903232170,72466.47233799593
903235020,73356.28664225902
903236200,103661.275844928
903400030,86885.65960126852
903455090,123389.37371281418
904100090,171186.91386193605
905100030,137052.72755642748
905200380,94014.85637191439
905201090,170574.3152250087
905351045,179835.54786152823
905426100,219700.67856010178
905451050,162779.9586124248
905452150,139432.49631429862
906204180,243294.32410893237
906223180,212229.7141193332
906225180,201964.79072205655
906380150,174235.59718349943
906392120,310524.4374450881
906394010,230592.19073384325
907125020,138941.48112626618
907175030,226108.3514017068
907187010,220325.2688186497
907192010,221307.40654022302
907194130,197141.6755308394
907201160,152416.4913773446
907203010,113893.70073429149
907227090,120820.52010588016
907230240,134157.8045880247
907290080,223691.055889513
907290260,250407.99511914168
907410100,186010.63800003493
907410110,226386.4119349659
908102320,154802.462351216
908103320,147005.76152009034
908127050,135545.57096212107
908186090,153327.90541324922
908188120,147461.39669811024
908188130,141025.62629015965
908227040,65619.54289625438
908228040,117603.52008390402
909101050,118771.43990050879
909101190,131829.8466811017
909201180,117947.12915922193
909250200,144091.49559902327
909254070,175135.6799485446
909275250,146567.3247350363
909281010,228787.7044035988
909425120,235806.70864109657
910203230,65237.46230818212
910207110,87836.6194133659
910226060,148268.67406159977
913350030,220642.07750128576
914452060,145216.77128992503
914474020,210144.8935668486
914476050,144043.9829894865
914476500,182274.74041452687
916402125,173400.01905587022
916403020,198141.15691504008
916475100,308446.289595521
916477010,314375.83528179594
923125030,59961.16864161623
923203090,165531.39266006113
923205120,123224.42727766279
923225240,125705.98130067217
923227100,139789.31391478292
923228310,62082.02526180369
923229110,179338.15405714407
923250060,162756.06208561017
924100070,176251.05498683194
