PID,SalePrice
527127150,214966.86972486746
527162130,185544.08313330854
527163010,167748.63130412882
527182190,218186.66868583244
527216070,497642.2597315802
527358140,207609.29524910796
527402200,146546.29993276525
527402250,170613.99771662577
527425090,84559.92976565882
528181050,199988.6335922477
528218150,174869.12359523086
528240070,228169.6332825306
528250100,165631.00083617156
528358010,271802.7821856245
528382030,231278.37411236885
528445060,218475.33006513186
531367050,227995.70900752163
531369060,190338.98106335112
532351140,120014.84121021068
532354090,152177.59429839515
532376160,135108.78560739913
532479070,187507.12035596734
533212060,155915.74255156028
533221090,172454.63497217515
533238045,273956.9515554456
533244030,225614.73941636612
533352170,175884.77571841903
534152050,195138.75906710533
534152070,190757.00975548662
534202160,154007.93681406905
534251320,166287.16200737568
534276360,126061.9466231305
534425310,142183.15402957698
534427010,152954.66925925633
534431050,216041.84927237144
534431070,152280.72811232894
534479320,140641.60301518743
535106190,160598.20308027745
535152250,136557.57251783973
535302080,98711.9450945748
535350030,142576.43199248886
535350040,124423.3267798677
535454070,132934.36849656043
535457090,146805.14955311973
902102100,145835.0425920626
902104060,83603.93856265428
902110090,155080.56100208047
902125080,120700.44332518012
902206040,122745.17202912067
902207140,99309.6030487789
902402010,149652.0228528486
902402250,160070.24518407136
903206120,178204.5633870333
903226160,90541.37333519942
903425110,138797.59472886624
903430080,105299.63126318424
903450110,133561.40545280505
903454060,79918.89779934286
903476030,130160.6088128578
904100140,187224.73671669545
904302260,101847.46765441894
904352190,112354.38343778237
905105200,116499.04564367693
905106140,145212.02902609983
905109130,281195.16709125054
905109170,223066.212518823
905325030,212228.19305027078
905352140,236731.17685245076
905451320,130633.50632809773
905475510,122854.16827584644
906201120,255429.10862824426
906223090,232960.58327759054
906380190,194986.48548148206
906385020,179567.00609812478
906402200,310815.42145712243
907200280,153523.96964005547
907203070,119315.73213406878
907250030,290281.5249451879
907290040,204823.4831063653
907290170,144432.21508042727
907414030,179809.77802132134
908102060,52097.69678857457
908102110,78660.06536724858
908103350,115644.41565832542
908226130,60251.87624159324
909100080,117851.58540048226
909101070,65467.83696508143
909250060,180396.57948442127
909428280,322449.69126263435
909452114,196873.33401051883
909455030,172145.96139489958
911204090,105385.7975439486
911370510,290177.2349037168
914478110,159782.98444943334
916386020,185954.81452079138
916386060,169136.78207451655
916386090,270059.0355270328
923205015,178079.9039585872
923230190,100574.88204763849
527105070,189418.47312272573
527105130,264247.356669076
527131030,272267.48598819616
527146010,238404.4650128192
527180100,172403.97413289113
527276160,204725.0745925
527301320,261493.8815820876
527352150,180113.1831381401
527375180,154890.60094873956
527376100,146216.82632741085
527378140,163519.64954397376
527405180,109707.61484809329
527425110,117065.1076758105
527450280,95675.78193023098
527453060,145956.26839422534
527453140,111026.13974534231
527455050,154209.41577919433
527455080,156939.23483835714
527455090,107519.79263440268
527455280,151523.7337500826
528102040,367058.4108650216
528102140,448454.1871748672
528108040,356736.21850428195
528112040,324272.03813053755
528116010,321280.65282216715
528118060,361566.947853502
528120030,341925.1480500118
528138010,357863.26768962666
528142040,342203.3348979783
528142090,296651.88360973797
528142130,289056.23708923056
528168030,285434.2859882545
528174050,214086.25993986442
528174060,209920.5799374838
528218090,175962.0937503398
528220040,174917.22454286605
528228295,210884.35146041002
528235010,183150.89822402463
528240060,185252.48615000438
528250020,193101.38582446368
528250040,180788.02878715895
528275070,229019.7755219606
528280230,216406.90331770075
528290030,162168.5202571133
528290120,177875.504750595
528290180,180759.17708800297
528292030,265219.48058620375
528292070,219467.7270209977
528294050,152860.58305962593
528344040,319277.700726822
528365070,322367.5445666789
528431020,232320.03917666158
528435050,265863.61208071996
528439060,245717.1887088248
528441020,228568.40720740173
528441090,403834.7032382406
528456180,240708.20687480434
528456220,186997.0341966849
528458060,198411.00805592697
528458180,212755.18985962606
528477070,269814.3807975764
528480040,233548.59108112665
528480130,224805.27143569035
528482040,275384.15297985193
528490070,202594.8476116809
531363050,133754.47510359067
531375040,157356.5945792853
531375130,167652.8471333918
531376090,204818.71428175358
531379050,225959.9474148032
531385020,189481.15456053303
532353020,114361.50058102404
532354230,105670.30739581582
532377130,129081.34246463352
532478020,278729.01513584855
533213020,207643.23805050785
533213040,186420.35503309796
533236050,195934.16432201286
533252040,337646.6701829313
534127130,199709.03038555814
534127170,173278.97960540646
534128020,210619.2675471309
534129080,197080.75555507495
534152120,165660.1943722813
534175080,223763.58812018496
534177230,193979.21899019313
534200030,104738.82935781409
534226120,113468.52407206388
534251030,177630.12152247244
534252240,165925.4700726363
534275060,135756.2697928587
534275100,104088.4069724299
534276040,174758.86974645243
534400290,176941.2412374803
534451110,109585.95118204081
534475185,173456.55329525014
534476320,123812.3382907612
535126010,214133.15594957388
535154130,149802.51558641356
535175030,153620.58267211565
535175050,135777.72235514835
535178040,113290.0959175052
535179160,117769.65488966624
535301170,176110.87071938123
535303150,109624.05729774399
535325290,101137.59422696671
535354070,118948.07822961433
535375050,118558.19515725513
535381040,166851.53615895187
535383060,69609.39626330584
535403190,149433.23460233022
535450160,85917.57087724254
535453200,154605.12087317434
535475010,162474.0013253184
535476110,125077.15332402848
902105060,125492.48361965199
902106010,139800.88872083518
902109130,81233.9590700355
902134120,101634.50941931798
902135020,106200.8338694569
902201110,99099.17255375191
902300090,105194.47805364952
902301060,132293.4016442007
902327070,167650.63755096853
902329080,147840.06498850812
902330040,152256.50915761956
902401130,129369.38726913802
902402150,80592.81700958835
902405100,174752.7440165872
902406070,146519.94696971803
902477120,48364.846424048534
903201020,140403.34377050333
903202170,139872.53192883809
903226130,111554.1605055044
903230100,96886.41135541793
903231010,129399.44262868096
903236040,131047.28473166096
903400220,174744.57834226033
903427120,141017.08558179822
903475100,127088.10636810379
903476090,119572.54497982586
904100190,70379.63824527309
904301070,163265.67936757725
904301375,49614.524535111676
904351200,116119.68887376522
905200260,155474.6040829237
905200350,145067.92959216118
905325020,227858.3867686003
905451300,116748.61188918482
905452040,143857.78024991107
905475160,106605.20705127966
905478030,154738.2263835472
905480030,92902.3345676261
906201050,165233.99328202236
906223210,221230.3054761932
906226060,150121.23357565128
906226080,156606.29672014565
906226090,138185.52571925143
906226140,116715.09582206355
906340100,366927.7759510104
906378110,204684.18655189202
906380060,289894.50826114207
906380100,265149.6576763602
906380220,208448.82705514756
906392130,181327.84017572182
907126050,139775.00383622956
907131090,247786.1110385182
907131190,188357.1040201947
907135040,161976.6185110827
907135170,142935.37471015958
907185050,202168.22195181524
907192030,180672.21992487484
907194110,182595.01243010053
907196060,193873.45667725118
907202130,159905.61855569735
907227080,125170.76654702364
907227110,128630.44000005336
907252060,230816.74261033727
907252220,261830.3437544526
907265010,196463.9511830803
907275090,230569.3462302393
907285020,246921.07078120546
907285050,187965.69801360596
907290070,168925.1692185364
907412020,189672.89647725038
907414080,183981.8021966733
908102050,115850.64019238073
908152100,137484.98662380216
908154040,340436.4321326839
908225370,104080.07743294783
908229020,70855.40227673885
908275040,120478.47403368511
908275110,146597.63460321783
909101010,111321.98559798396
909101140,142042.70257641422
909129090,112048.74894101609
909179020,244716.97025444245
909251170,148245.64759935357
909253180,123040.54362856576
909279010,191834.77626786925
909282130,143302.93818331696
909427200,150054.47715826496
909451040,95263.6377024153
909451140,109829.08236497565
909451180,115563.10001943339
909452050,227382.4827479705
910204050,196077.25791762304
911104060,35321.95403023614
914475010,134093.76343521176
914475030,165429.47257149147
914476020,109546.24276233502
916386140,210893.81891419156
916403010,193452.01400074404
916403250,243701.8491889183
916460110,203496.25645363535
916475040,359653.00863896
923203110,175768.2131440806
923225360,96902.70395885559
923225490,99599.47204815205
923227080,180045.81041414014
923275040,164737.18841136715
923276260,129599.48479442514
923400025,173481.77624661234
526351030,209856.0911462322
526353050,218812.3798138803
526354070,195263.50580590958
527106150,214744.02205066115
527127140,305699.34811799444
527140090,211587.2622517083
527145090,185912.76610224703
527165010,172650.2489684183
527183060,225981.73646529106
527214030,396587.2852565342
527226020,156969.5422266947
527252080,323865.3576752538
527302050,182132.45040946096
527357110,129095.81247924207
527380240,258086.735302932
527402060,137151.71192731
527450110,92361.16034132308
527450520,106187.28662823551
527451060,79986.95217187476
527451290,74803.31970270477
527451400,104002.2862628244
527451550,108535.92809562595
527452150,118562.1727343888
527455270,90404.78312273762
528104080,423583.4369022578
528110110,422079.20791396697
528118030,391514.42104572715
528142020,299097.23313089315
528166120,392332.4045991272
528178090,338864.59689534624
528186080,316954.7073869093
528228345,234365.46421872603
528228445,187215.95549432808
528235120,194848.9910329487
528240050,191107.63885050188
528280130,195099.2379025508
528326030,285690.09199804615
528363020,294833.78374379955
528363110,352991.1024378694
528387050,280141.51445685345
528431080,231830.3985197492
528431120,247504.23296846563
528458050,219167.8259113195
528462040,215582.13197878143
528478030,264146.2609886985
528478040,245028.85557990585
528490080,202349.72514333614
531363060,145302.63356787572
531373060,184220.77589919462
531375120,163637.3686823137
531376010,176667.39839588117
531382110,189683.99872802704
531382120,212805.44866688998
531450030,195612.71121290745
531450170,173330.57347227857
531452140,150506.278832693
532351050,116314.0817752977
532353050,129241.87910547137
532376170,97625.61817873263
533206050,177708.1288831646
533208080,155340.39753539162
533212050,159796.34348791285
533212140,144668.18813176386
533212150,144450.0937349777
533215020,253953.38914702245
533215070,237060.52651760908
533215080,235344.97001921263
533217050,149783.8874482083
533234020,227056.40974027326
533350090,334089.34967543226
534126090,180768.5874763606
534127230,171370.18383198435
534128050,157694.41268579155
534129060,192916.0155202757
534175140,128435.27664000998
534202130,148186.68118107202
534225110,141147.37465845473
534225120,138664.0215022667
534250010,144423.80327065976
534403100,191565.66059809993
534428020,133558.308391825
534428100,137529.01186888924
534453140,79913.26700576706
534477090,131276.6614648955
535105030,135387.28721668373
535126140,215263.8681177742
535150210,129795.87803194382
535151160,135380.8818517537
535179060,178693.58207848688
535302140,103753.85396924843
535305160,85495.67504763367
535327230,117096.92598468793
535375160,88846.50122350696
535402120,171698.52329419335
535451010,110148.81067488459
535451050,98223.06030026503
535451230,93924.31510150894
535453210,144193.96544134495
535455080,117201.55544615729
535455090,117554.8641566179
535456100,93452.46671471177
535475020,168558.10231883268
535476370,201967.16192048255
535477090,117471.13063230108
902100030,64573.42891092929
902103150,115132.10109182124
902105010,108887.77579986613
902105020,240838.23390604588
902105130,68134.64967549156
902107030,114979.57116740856
902306120,134804.07041315667
902306130,132213.87891463074
902406020,103669.11251646355
902427150,113877.33210925081
903201030,127856.97769735636
903204095,84872.67353673506
903206070,142905.9347959103
903225160,99988.00508051933
903226060,155255.23719927494
903226150,105974.80501552271
903228040,138633.58731860653
903230110,100616.48674789224
903232030,77624.03943588729
903234090,145754.2209258477
903400180,188814.870386901
903401020,147951.0550703954
903453050,120730.42319069774
903454100,148017.80398246122
903455030,111610.44374631552
903455140,123069.81834687862
903456130,120136.9978165059
903484020,129802.51910552455
904100160,128766.93870617618
905104080,84673.83326151258
905202230,200964.82389256512
905300020,142964.3653866774
905401045,186257.233014462
905426030,190706.99560263762
905452120,125082.35000608097
905477050,150791.719714556
905479110,115047.99769384702
906223140,229287.10358964116
906380030,221822.59847113516
906412010,389549.0037802097
906420130,249308.61736116998
906424010,237242.26646355615
907135260,151714.2370011795
907192130,208430.14994438988
907196050,204645.3263716267
907201060,146303.8747784031
907227300,118112.8741472678
907251090,236312.97416188935
907255020,248128.2446112829
907255060,296735.8157017189
907285080,214754.8165811132
907290150,141414.46623689844
907295020,239848.7715125223
907405020,212641.68760949903
907418010,214676.98037224924
908103280,138464.0866865488
908128050,141172.7245818799
908151040,141436.14753345342
908186040,131563.9511092982
908201120,105916.22481160365
908225170,84208.76480482824
908250040,97067.4477350343
909101180,124538.67582285321
909131170,119801.5509279672
909250230,162279.31276637487
909275050,167454.52932901023
909276170,182125.0107568911
909281110,207693.41603980423
909425085,244957.53877067496
909428190,228050.68485278107
909451150,146350.19495684287
910200080,121134.8417304232
911102090,65975.3233490671
911102170,78872.67134041832
911370490,366450.2214812999
914476010,152660.10507185097
914476450,212480.70386976615
916125425,323599.85189663543
916380060,284009.3300968441
916403230,194365.26130792274
916460060,238355.52872477865
916477020,306308.12408556236
921126030,253421.59578795842
923202005,199124.97523388773
923203140,162768.16027457986
923225080,114234.49478592789
923225370,99236.54383711054
923252100,121026.35019271106
923277040,139823.2775328729
923426010,120609.98714166967
924100020,190108.16917188815
526352080,189185.796849793
526352090,178878.09628380387
527110120,180573.1004140467
527158090,168060.61644093855
527162090,153013.0369937088
527163080,137119.76902717628
527165100,151153.53118659864
527175130,144703.86374209457
527182170,230755.147048362
527184020,206894.57348169028
527210060,346227.4945647939
527226040,195894.58341768215
527252050,304785.6375170749
527252070,261464.90495801368
527301080,182447.49757479643
527302090,211786.42477827411
527325110,213960.94102779662
527328020,138279.25131315028
527359010,205343.69256879427
527359080,176641.4247210999
527402240,169575.37181350123
527404100,100785.50936407536
527425140,109788.5894951626
527450220,127433.9058332772
527451170,134419.24166982365
527455030,131870.2331842481
527455250,113627.15031730403
528102120,284698.2753681054
528104010,347235.83704127825
528106040,398890.4423155979
528108160,299883.8518166625
528110070,302036.3776760341
528110100,397876.61108758475
528112150,244009.59874990906
528118040,379391.8441483389
528120150,297962.9349137075
528144050,355129.3697412029
528150040,376346.03628523444
528168040,305527.6910122252
528172050,253040.6975006743
528172075,256140.00755367364
528174010,205267.71782790564
528181080,202425.98703850026
528186050,307623.1649592948
528186090,310070.33241584734
528186120,320327.0003899771
528188160,217392.2758869622
528218020,175133.51024758338
528222060,191071.33745225947
528222090,167397.06640699878
528231010,235683.76295411756
528235000,174536.45332201602
528235160,207376.04832133543
528235170,208891.9645772373
528290170,188276.2205843617
528320050,556536.93103879
528327060,459966.2252489646
528354110,316896.8237607295
528429090,311013.3411782669
528431030,210702.93246722923
528431040,403436.0195724594
528431110,277557.85359239357
528435070,243191.342912192
528445020,212279.77706849336
528456190,202439.09249304232
528456230,198889.89135951482
528458080,238511.04094846017
528458130,321584.88629136316
528477020,227010.6076800818
528482010,233931.25571652898
528482090,259959.12943339368
531375140,163708.02515792463
531451150,122057.50554459772
532378240,115002.48409319179
532479050,139681.61703964014
533120030,344649.33553281776
533130170,318522.28156613937
533208040,205078.24241046546
533208070,163390.46287609596
533213130,172688.56918017232
533236040,168726.887801776
533242090,279368.7965569492
533250190,231666.22810178163
533251110,331238.73637797957
533251130,205937.41715806216
533254130,191177.18422034426
534104090,237105.36139280486
534125120,129743.69400477223
534178010,124269.60149209913
534201040,134156.04462120603
534202030,135210.5314240765
534252110,127539.56598331612
534275170,121157.45413974408
534276180,119365.1246531175
534278170,136959.99849920248
534278190,112174.51907006628
534403290,203122.87821724234
534403420,129742.32493453662
534425080,179274.6881152953
534429030,77850.34983574024
534431020,131549.84828691103
534450090,43516.03761476037
534453080,100029.62406999533
534475170,163737.0044692733
534478140,138745.86843019893
534479120,113232.50903749563
535101150,142417.59469604408
535105110,164631.81358427153
535106180,135324.772327768
535151100,117447.11954014421
535151110,141959.46206931333
535152060,119951.55566643676
535177110,175460.85561020652
535181030,191927.99185400328
535181140,155392.69905096246
535302070,115475.72007665929
535327200,119575.47246408524
535353160,130790.47909281804
535354050,131885.96424494238
535375130,99147.14245736228
535378080,136569.62361228027
535379110,124835.91034658007
535382150,81146.73714152454
535450220,102843.6151925006
535451040,106319.01153492907
535451110,133431.53719516943
535452060,126204.9378703004
535453080,150886.70691752573
535476360,220883.1884930013
535477130,164619.14215170647
535478040,115811.4346056738
902105110,103137.94057877509
902106070,113051.57457895108
902110010,98481.5973889894
902202070,144775.62291127787
902301030,125518.06671423436
902305010,142900.42360713865
902408080,191358.94391013385
902427040,93562.46046680237
902427180,138654.15950598364
903225040,117088.09956079136
903231180,106683.51763638743
903232100,130690.72824833584
903426010,117678.15690144038
903453080,192999.39828240848
903454010,128376.46393356778
903454090,136085.7078775556
903458060,130695.71939714864
903476100,75989.38131824209
904101070,250264.8300241569
904301110,116182.96194227831
904302010,108724.70425880211
905100080,161286.36068664526
905102010,149129.44875166708
905103110,134349.381919418
905105040,95879.4987588471
905107140,140813.954265113
905201080,195813.4482269411
905226080,148207.28794274223
905226170,138259.20227603047
905301050,306094.8948698357
905376090,146222.5671685462
905478140,133004.20819958305
905478220,145301.38131339214
905480090,113133.58940965495
906201022,193759.54565383913
906201023,223014.99751059103
906201200,270302.2552869681
906380040,244748.77279306971
906380120,210234.494808224
906380160,184351.2001254429
906394050,179056.61284208336
907125040,157813.6217586983
907125120,137992.29996003694
907135180,130787.99998479713
907180040,202161.79548144195
907187040,237186.6691283395
907192120,215700.5720282091
907192150,186927.612376995
907202220,159233.94548038737
907203060,113229.77285420039
907260040,184207.242998777
907275080,248937.05504210727
907290140,139100.0620889907
907295040,242452.93645754497
907410020,187488.86034201726
907414060,180125.2105235145
907420060,176981.77338461313
908102100,151711.1073172664
908127070,136526.53801852747
908152070,142712.0981269614
908152280,179077.61705704406
908154205,589086.4208902167
908225240,113744.05516627718
908225310,68162.79855714327
908226180,105230.99476201514
908250100,107307.53529495977
908275090,123708.96121998409
909252010,151242.8739394722
909252170,140095.4264628628
909275110,193342.20648128242
909276210,187527.01983550322
909281020,149086.3369395564
909428180,208166.30705584426
909455060,155194.7294363789
910201020,84830.78118552192
910201180,172283.333097125
910205130,138110.68444138343
910206010,40646.30738723808
911128010,132881.80752675046
911370460,285177.1894201983
914452090,179671.8031702712
914452190,137288.27798431655
916384070,270691.1547094091
916384150,244611.56597526575
916403040,167011.41697578088
916455010,220646.4465091774
916455150,302981.9710697496
916460020,205046.47163254442
917425190,257137.8422298814
921205070,281807.7894401636
923202134,134557.90096113924
923202220,216629.25568971602
923204140,144164.17094401264
923225050,135118.3109503988
923228220,76144.78940690312
923229010,139788.67780544405
923230180,121494.33303862059
923251160,174105.37829064816
526302040,150635.25094990165
527108020,232373.81063240586
527166030,180312.97574506706
527182020,158668.7637540598
527190220,268573.34388403845
527210040,479605.4920809056
527210050,362814.70551315567
527216050,441875.31415108714
527252090,303759.07049495826
527254070,328118.51820201846
527327080,179614.13694134756
527356020,295701.13092095545
527375160,175484.87173415846
527376110,181115.2720637039
527402210,121340.61083274493
527403120,92905.70856656121
527427210,188494.65337216592
527450080,118206.30675297271
527452290,138813.8266142811
527453070,117048.46561368782
527455100,143800.22012567965
528106010,331291.2221519295
528106120,246464.05890137915
528116030,332303.04776281345
528118010,321175.7410776219
528120140,377337.97018060205
528142070,364072.06788644963
528144030,316925.5713745053
528150080,365249.52938262455
528172020,293769.1785637904
528181030,209182.2280130877
528181040,210363.1929389431
528186110,309482.4956184789
528218060,189435.87658196222
528218080,186489.64356312284
528218140,229714.60074346635
528221010,192797.6189204059
528222020,188945.41309507118
528228360,204148.98678841558
528228565,204272.46025419532
528231050,199273.41940921015
528240080,207059.13300463159
528275060,176165.39807703247
528275080,201232.29530390364
528280100,196504.06043872918
528290140,199049.78863734356
528294070,224956.01700121482
528315070,283223.21725408436
528320060,480083.5225938247
528358030,312813.4726540849
528365090,306950.21596451616
531375070,140390.57035838647
531375100,180843.92529199162
531450040,175303.20550538375
531452100,148648.4357798065
532353180,143233.3262813688
532376180,84765.35329484715
532476050,332508.26924030355
533110130,274913.7936857173
533128030,275531.6957084654
533128090,239156.6265942451
533212100,138429.33345185593
533212110,139141.9955062127
533223080,171291.4666662644
533241010,199376.49253752374
533242030,204044.93077788327
533252020,178959.38211667252
533253090,191271.1134275601
533253160,184143.11613008898
533350050,350608.35649187013
534127190,266656.33099890186
534129230,179366.0759174839
534176250,137367.17262608424
534201280,139370.71220636944
534202180,149503.51792586554
534250300,189541.46364754695
534276230,160853.25629671616
534403280,158814.93140805597
534403440,146333.25398560415
534453150,109906.54371495314
534479240,145859.9667107527
535125060,211266.538699538
535150240,103564.96786014515
535150300,358041.98009322153
535151130,135355.61890751403
535178100,161887.58230921728
535179050,151327.79405052273
535301150,129579.86125354281
535304020,142263.295694934
535305120,153459.72752801905
535325460,190707.09837984454
535353180,245577.91769619653
535354130,130887.17632245137
535355100,95459.47964123858
535380130,137202.62127863665
535381060,111846.70478368973
535402100,149456.18299861846
535403150,147079.1408026551
535404080,108828.49419502498
535425040,208080.44858963674
535451190,96421.57848211771
535454030,71233.96911253805
535478010,127986.66007279823
902100130,101869.12233869825
902104020,134611.16081365454
902106040,165143.71721525735
902110120,143944.5472606627
902128100,102674.3018600382
902325050,140003.09463490517
902325160,101215.11121957291
902329070,104732.11799430788
902329090,145239.44689310985
902456015,44916.28974159816
903200050,70625.92260246899
903231190,124174.97206909528
903232170,75628.07046612908
903235020,66691.28236272495
903236200,109568.10003328681
903400030,83067.6938683038
903455090,135388.73780476992
904100090,156114.28542340896
905100030,151749.8253754968
905200380,92950.97002549873
905201090,188575.0864673553
905351045,188669.9347822262
905426100,230155.79255209287
905451050,170455.72680661513
905452150,131825.316521581
906204180,255296.77790641887
906223180,209800.29685348656
906225180,200821.68240184418
906380150,176833.8475510897
906392120,315473.12002027204
906394010,232284.53542345608
907125020,151840.49423806765
907175030,224253.02589657198
907187010,222953.58580789785
907192010,226352.6790008303
907194130,198916.78624332682
907201160,147839.71060764315
907203010,108863.82145611334
907227090,101544.50575332921
907230240,144442.05456763026
907290080,228838.52471785017
907290260,254927.2938719417
907410100,186472.20186806875
907410110,228591.79673050964
908102320,165965.46891472721
908103320,145698.70668667997
908127050,135019.4456975738
908186090,151545.09810117236
908188120,136894.9371918775
908188130,137630.74035274488
908227040,95091.8356349689
908228040,111568.69034440677
909101050,119144.35936516087
909101190,151046.66989733934
909201180,106786.70600781759
909250200,123523.83873805555
909254070,166458.19337716175
909275250,138758.02689013287
909281010,210376.73075769725
909425120,231598.2403946784
910203230,80231.28392239254
910207110,99277.69600230275
910226060,154648.28254759096
913350030,218512.2898679082
914452060,138228.88639201183
914474020,202384.09853751826
914476050,121337.6617440047
914476500,174995.40677627284
916402125,176119.33675371992
916403020,210449.52404572355
916475100,315158.7403015271
916477010,316985.52546632406
923125030,89620.96778903517
923203090,166416.52271277015
923205120,125664.72540418504
923225240,115257.84566030822
923227100,153622.4032599407
923228310,52862.82834271077
923229110,166459.00004692137
923250060,165465.2658385263
924100070,180833.80683129095
