PID,SalePrice
527127150,210830.44834851698
527162130,188481.85799906793
527163010,170069.94629406577
527182190,236411.7329021305
527216070,485013.5589237141
527358140,214304.27102769053
527402200,141062.32761964825
527402250,159656.32141964874
527425090,92457.11562682799
528181050,198367.30714920943
528218150,173215.4001932085
528240070,224510.7502343886
528250100,162495.6315303981
528358010,268354.732073565
528382030,225283.1952092296
528445060,225830.95724533914
531367050,226549.3170683644
531369060,187957.3351126622
532351140,130152.36967449258
532354090,145040.471931176
532376160,135336.16537236376
532479070,195222.32072941496
533212060,156495.00243722435
533221090,175406.4219499533
533238045,276881.00371855625
533244030,225156.407581488
533352170,182607.20779318744
534152050,201344.44029473892
534152070,198490.52008247955
534202160,148981.14824785336
534251320,165980.27749187208
534276360,120548.86709547632
534425310,131397.87802536564
534427010,144491.91502000904
534431050,225858.42037158573
534431070,148224.55002536616
534479320,142920.77151716297
535106190,168444.37948083476
535152250,143468.3281974776
535302080,102931.6848921249
535350030,140732.74025720352
535350040,124107.23934676338
535454070,130856.71278507417
535457090,154455.1702256356
902102100,141965.93764547506
902104060,73216.74921755418
902110090,151139.66343779984
902125080,117541.33306220571
902206040,129512.96523039183
902207140,96659.03065338361
902402010,143093.0329500909
902402250,150823.31676356934
903206120,192297.2933336529
903226160,90249.89531943889
903425110,139990.41859664582
903430080,113685.63790135815
903450110,126543.58598518497
903454060,61472.19843810149
903476030,121996.79895523832
904100140,202542.98842389407
904302260,115199.05801792673
904352190,119184.24929560974
905105200,117482.02605962376
905106140,138504.85089100443
905109130,291113.97325927974
905109170,236148.02001359244
905325030,207044.2834270085
905352140,232477.67054711148
905451320,130462.02763350407
905475510,127752.7762945865
906201120,249983.03284586937
906223090,227361.0497024297
906380190,190257.0460738672
906385020,177908.6583230698
906402200,325585.03436281567
907200280,148382.25211265925
907203070,120837.31977274668
907250030,285439.2740571153
907290040,206644.2265323162
907290170,142768.3031825359
907414030,182133.7340410038
908102060,46198.25561152061
908102110,75592.50047368508
908103350,122149.36972318281
908226130,80559.79403685486
909100080,127408.8896194317
909101070,71084.39631064687
909250060,177561.88407350806
909428280,303397.84622140334
909452114,195246.18540423087
909455030,161402.09178505794
911204090,101047.04106722484
911370510,270236.99916249374
914478110,158400.70631725175
916386020,186986.00001901484
916386060,161793.47630610937
916386090,269277.2056402024
923205015,173152.48087496663
923230190,108960.97765155198
527105070,189796.73685239526
527105130,272400.6509260885
527131030,269497.03266039444
527146010,241799.54983821107
527180100,162865.74440796752
527276160,209069.077140901
527301320,255111.86178730894
527352150,180413.3525395656
527375180,148148.7303839639
527376100,144648.5931612124
527378140,177147.88253550837
527405180,107623.30106277857
527425110,117477.64740289963
527450280,93708.64278165787
527453060,144046.1947281682
527453140,119289.3029466692
527455050,154460.34678233825
527455080,153645.8301044987
527455090,108241.44562313484
527455280,146557.9239371575
528102040,358123.1341194289
528102140,448225.2786194037
528108040,369843.69736587943
528112040,324803.31624911405
528116010,323841.2638952107
528118060,351852.4588598494
528120030,349949.9712794521
528138010,359541.967467109
528142040,335346.73364070925
528142090,291542.445077223
528142130,299588.1554369815
528168030,278259.3440727672
528174050,212682.0222588512
528174060,207567.82381964911
528218090,169049.50953932886
528220040,175753.90565915522
528228295,215182.03283876463
528235010,179487.69280155917
528240060,175364.36719503722
528250020,187732.23034013523
528250040,171906.86648417512
528275070,233111.0524990296
528280230,225008.10058860914
528290030,163437.2719604969
528290120,180355.12603641558
528290180,178864.7393294822
528292030,263958.1240423599
528292070,225396.6571293616
528294050,150521.38855687337
528344040,328132.104409116
528365070,329808.6079472918
528431020,234502.54612293106
528435050,267468.10278801655
528439060,244224.14934256292
528441020,237370.4069771192
528441090,422058.36575732357
528456180,244734.92070173495
528456220,190043.52444999234
528458060,195649.5641994586
528458180,213984.72354320795
528477070,262950.5676094162
528480040,236005.20321563724
528480130,218404.10201709816
528482040,272962.7362071844
528490070,205048.13820956438
531363050,133462.32468910073
531375040,154306.8266652073
531375130,165687.13387641715
531376090,206602.13760578894
531379050,225068.21860222105
531385020,185093.89091570486
532353020,116945.03714440079
532354230,106868.61997411776
532377130,122120.38683797742
532478020,276527.8810229425
533213020,203194.47361500634
533213040,190976.51266020042
533236050,193973.20784508146
533252040,333116.69551287574
534127130,186296.54509364264
534127170,175978.10189815174
534128020,214558.951208474
534129080,205975.2965232231
534152120,170023.38210904854
534175080,213682.31605003556
534177230,193863.86309153188
534200030,105066.08486366401
534226120,114033.34224608714
534251030,182530.55815382392
534252240,172997.98584532607
534275060,121263.65150034445
534275100,99805.11607816213
534276040,119118.74345736366
534400290,174344.47547204362
534451110,105046.14226310544
534475185,167902.12761026132
534476320,125115.79093871734
535126010,218796.5920728898
535154130,141336.05763182344
535175030,160270.15814501388
535175050,141869.20308074658
535178040,119530.66121981283
535179160,122844.96750645954
535301170,183902.72940947197
535303150,101892.24745835681
535325290,106341.11491190216
535354070,120537.44405045598
535375050,114293.78871873698
535381040,166540.00039715398
535383060,60792.40913493575
535403190,154021.81908162753
535450160,84223.51736920062
535453200,151282.35344907324
535475010,166024.64558761867
535476110,133454.54993607063
902105060,123731.64223402369
902106010,147210.35850674685
902109130,88379.19770719645
902134120,106896.00391160927
902135020,95997.36440423658
902201110,110038.00070626778
902300090,105695.30835398941
902301060,131306.19242579446
902327070,170405.75159039602
902329080,149187.4979627589
902330040,148792.40054563884
902401130,134188.5357618402
902402150,87040.21947327192
902405100,190705.02595565282
902406070,145589.19176666148
902477120,41185.781961824076
903201020,138037.64952804695
903202170,133500.76584582787
903226130,115923.64766433384
903230100,108005.98923252302
903231010,134358.26834864402
903236040,132090.99620440736
903400220,170207.64514775728
903427120,145068.16456824914
903475100,118287.89303803342
903476090,112677.40516686688
904100190,78024.65177375541
904301070,158918.26653162448
904301375,63415.04252105023
904351200,111138.65475595824
905200260,150706.84215174426
905200350,144656.2099862482
905325020,254763.13928987685
905451300,119910.31953089696
905452040,147571.19625434018
905475160,105598.72432002285
905478030,156361.75609888474
905480030,102645.16279432797
906201050,157279.20015180696
906223210,221851.85954751837
906226060,129615.85746436703
906226080,146085.7455092456
906226090,140684.3608398935
906226140,108431.2798313716
906340100,369937.0870490039
906378110,202533.96400189053
906380060,292455.6771046673
906380100,264930.58074498293
906380220,207253.85125754258
906392130,177027.33268919805
907126050,140720.64971182367
907131090,225340.4214637506
907131190,195066.57633775903
907135040,151455.1467191547
907135170,141192.2532809642
907185050,202010.73257279638
907192030,182688.34557619478
907194110,180590.60318143485
907196060,194770.24424831453
907202130,156693.17176632877
907227080,135532.89256364334
907227110,128931.15573441563
907252060,235420.69082869898
907252220,259164.53368971345
907265010,202767.49959810442
907275090,225412.71557592938
907285020,250266.92741710212
907285050,190117.5733415853
907290070,164216.99005303704
907412020,191654.09677315538
907414080,176564.12722076976
908102050,106157.40533756724
908152100,133568.68878516275
908154040,331132.4825779974
908225370,83575.91712554752
908229020,72399.70048841769
908275040,114799.08569540635
908275110,152564.8991416842
909101010,119681.49065677504
909101140,142088.6858145153
909129090,106248.76529378831
909179020,220502.1551607138
909251170,150385.58661183697
909253180,127221.60260399677
909279010,189121.29217390722
909282130,145168.1519391767
909427200,149372.4217354084
909451040,96072.46945641222
909451140,108846.59758021546
909451180,117075.86189398027
909452050,225267.47208335993
910204050,184824.44212302094
911104060,39948.94135136681
914475010,131590.5707728566
914475030,170061.76009339502
914476020,107314.63781614644
916386140,206048.73062476492
916403010,192484.8868934294
916403250,227942.64498655195
916460110,201060.03156232837
916475040,365615.4447606832
923203110,174251.62327724346
923225360,105070.19216164126
923225490,99661.4193538939
923227080,172461.06883631958
923275040,170400.5440156151
923276260,134799.68538012932
923400025,171586.120491142
526351030,210173.22102917632
526353050,220149.96105098727
526354070,206397.30816532488
527106150,213544.25546920503
527127140,309956.1446548946
527140090,209073.85355504503
527145090,190909.61547133926
527165010,185867.55656210645
527183060,217046.39409192582
527214030,407291.4241406957
527226020,164666.02475147214
527252080,332278.07207942207
527302050,185892.79297711566
527357110,125313.09584456733
527380240,270845.46505733096
527402060,135357.38157923426
527450110,93364.92898442455
527450520,104384.20098055077
527451060,82132.63217535954
527451290,76941.02000896982
527451400,106616.62632530218
527451550,110707.07340808255
527452150,125675.05252522248
527455270,94844.17990877091
528104080,437426.78235002654
528110110,417830.54479765694
528118030,389156.9475637048
528142020,297611.5744145277
528166120,395181.37831699674
528178090,343009.37060517364
528186080,319563.5282914347
528228345,230458.2899981368
528228445,184458.71678279332
528235120,190792.86882453485
528240050,191206.70969077194
528280130,192917.24188375293
528326030,286097.25741907366
528363020,299626.61839480046
528363110,356733.54733018007
528387050,287375.45177377807
528431080,232026.1766970867
528431120,245833.35326458275
528458050,220049.63402811682
528462040,211206.82637180746
528478030,270879.5226699698
528478040,234623.17063015257
528490080,208097.7738744244
531363060,143548.76640596188
531373060,182391.22830784405
531375120,164560.36772422373
531376010,177975.07144471395
531382110,191621.96051640727
531382120,212078.07617552858
531450030,193535.9572131153
531450170,191697.3275189314
531452140,146393.0837694878
532351050,112936.35155911188
532353050,127982.46278041937
532376170,103361.96767916114
533206050,178575.00973988278
533208080,152831.699303312
533212050,156456.86746808855
533212140,146725.27491027344
533212150,147142.99180594477
533215020,252307.81302845385
533215070,240147.86921203195
533215080,238292.86389491422
533217050,148631.97641826345
533234020,230667.42485354317
533350090,339831.6147382658
534126090,180172.311022463
534127230,175205.2790308972
534128050,153985.12875904562
534129060,188150.46839207117
534175140,128715.1973021432
534202130,145408.20486046726
534225110,135595.3334986152
534225120,136050.94737524082
534250010,145605.70330956017
534403100,241527.29679731294
534428020,130901.08496679357
534428100,138305.7778546946
534453140,74937.74076753914
534477090,130192.51197432345
535105030,132673.01842978108
535126140,215987.04559067823
535150210,129820.88538300588
535151160,138517.23450686518
535179060,183872.87837517247
535302140,101442.36867835157
535305160,80690.89524880394
535327230,101364.08286646221
535375160,94469.86844657738
535402120,172387.66588236485
535451010,113086.48639442101
535451050,95043.06276773891
535451230,80112.24190171016
535453210,150530.00706088226
535455080,101910.9282970563
535455090,119188.589548194
535456100,92097.07383044525
535475020,168432.35406440284
535476370,197327.9211405692
535477090,117168.11298360433
902100030,78229.56717501312
902103150,115689.17585384063
902105010,117210.52229909191
902105020,238780.4388059387
902105130,69212.048283273
902107030,117478.50784554415
902306120,134549.27695012512
902306130,135472.42733531882
902406020,106413.18556323093
902427150,120895.42994690915
903201030,131607.2694089108
903204095,86431.47183560597
903206070,149592.76433270166
903225160,103685.93982063071
903226060,167294.86864553724
903226150,105270.89971419274
903228040,149686.0657526899
903230110,104742.13740709744
903232030,69363.69838936949
903234090,145373.5044684863
903400180,187039.09529779758
903401020,149812.8176351924
903453050,118501.5733054992
903454100,148883.01797605408
903455030,111110.0147975196
903455140,122724.08971368388
903456130,112554.74925136805
903484020,132687.12556507878
904100160,118368.84507903436
905104080,78212.19653667678
905202230,209612.52564621178
905300020,133628.53139388826
905401045,179574.21613801311
905426030,206942.20040559943
905452120,131347.2347191775
905477050,158550.97870695597
905479110,119736.39960447108
906223140,222594.4428467627
906380030,220773.73988483025
906412010,385798.34126131795
906420130,236351.1077727679
906424010,226472.41027557183
907135260,147910.19228274495
907192130,209090.1488528716
907196050,209562.62806933085
907201060,145038.96828837477
907227300,119672.23725447341
907251090,239652.1913898455
907255020,253422.026644465
907255060,297462.384726895
907285080,211445.09097916805
907290150,142380.94954225412
907295020,227153.6631194079
907405020,213490.92563254782
907418010,214607.06637976013
908103280,138634.8668920148
908128050,141130.1216029661
908151040,141663.81539470548
908186040,133419.70560000237
908201120,107222.80349350051
908225170,98588.97386545256
908250040,89663.69903310186
909101180,117145.55188744974
909131170,118237.00024169116
909250230,151410.36624426363
909275050,161199.6788829181
909276170,186085.59769099942
909281110,191374.46584238455
909425085,237288.43597074694
909428190,220584.91635672047
909451150,145268.29697803824
910200080,119902.91119126967
911102090,88110.2383315268
911102170,81356.14669673893
911370490,348769.9917973083
914476010,155588.02218016822
914476450,214829.433445548
916125425,310673.3756871257
916380060,273350.2811038956
916403230,195033.37974169568
916460060,246822.7867141934
916477020,300725.51359230385
921126030,247824.4970037468
923202005,192661.20097119416
923203140,165992.19596920488
923225080,115445.30621531585
923225370,107810.3573396649
923252100,122242.84214896774
923277040,138390.1289108414
923426010,122249.64401499026
924100020,181542.18179507312
526352080,189540.18577153192
526352090,185584.66816675727
527110120,177514.0605010891
527158090,167448.65516972987
527162090,148610.5280148031
527163080,140209.60088334623
527165100,151255.1237397372
527175130,135403.5941363783
527182170,243652.79873295236
527184020,202126.10400663095
527210060,348394.4734702335
527226040,171234.74315122783
527252050,302473.100386606
527252070,266660.4608058122
527301080,181603.25472705247
527302090,209386.60567479915
527325110,191944.40365853638
527328020,137058.05787710543
527359010,199624.73614892276
527359080,179166.72738638287
527402240,164719.77108113433
527404100,109223.76894164208
527425140,108879.84435475763
527450220,118538.34252947607
527451170,132387.9360618543
527455030,132739.666670534
527455250,112983.5765224332
528102120,278071.50503671786
528104010,347720.04092224885
528106040,393711.8493889503
528108160,301386.2285507717
528110070,299400.03617933387
528110100,403988.9338926306
528112150,238301.34069320915
528118040,376136.7382650089
528120150,303710.7405465037
528144050,356366.87160410173
528150040,362157.6349818113
528168040,299412.99437115196
528172050,252947.69679902575
528172075,253053.67249391868
528174010,201393.41888373028
528181080,198104.81000724886
528186050,310661.70825052937
528186090,310066.8361089055
528186120,331145.30681045295
528188160,211562.10004373494
528218020,174122.99982731574
528222060,191664.07172435074
528222090,170611.9445904207
528231010,228571.92633486603
528235000,165160.9658813446
528235160,209405.36664494115
528235170,212076.5961170976
528290170,190085.97237532804
528320050,571602.7593416655
528327060,476817.49990164454
528354110,319603.04026987334
528429090,322518.68267027347
528431030,212067.40604403772
528431040,415355.29837243736
528431110,288969.02488004655
528435070,240209.74831088592
528445020,220552.83132194367
528456190,204298.75497939708
528456230,198330.6485158921
528458080,241908.04166037726
528458130,317869.3417006016
528477020,229192.71547759383
528482010,241826.15343427483
528482090,262525.6039440284
531375140,164762.67158546078
531451150,119502.8582521533
532378240,115083.0086898432
532479050,150068.56206581398
533120030,353514.5461122589
533130170,328406.22944171017
533208040,211171.8081155293
533208070,165950.80209266883
533213130,173147.4727236868
533236040,173070.83340157842
533242090,281402.03334893
533250190,231046.3823423675
533251110,326229.81541338575
533251130,201182.72111672518
533254130,179323.2252479868
534104090,235179.42800816306
534125120,121221.78881569514
534178010,122218.18877614595
534201040,131366.2698972547
534202030,134859.2018358479
534252110,129550.41373821226
534275170,128235.07324170115
534276180,121229.31907696702
534278170,127372.28043968292
534278190,100170.72037306857
534403290,211193.72256977044
534403420,135348.42034566595
534425080,175710.0938441013
534429030,79863.75162111614
534431020,132779.816504927
534450090,47509.91050394243
534453080,100949.5377844721
534475170,166316.92131775632
534478140,142862.59865639696
534479120,107506.84802483373
535101150,139837.29538521433
535105110,163190.8579344424
535106180,132317.96033109853
535151100,118325.12885704632
535151110,128858.92061095047
535152060,124158.63899299043
535177110,175973.86216489642
535181030,194273.8186195712
535181140,160441.21359910275
535302070,118250.80162834097
535327200,125522.68118907415
535353160,130774.23929563479
535354050,131591.68794327648
535375130,99111.07698790426
535378080,130216.55902018232
535379110,130500.58630501547
535382150,78735.3114053262
535450220,101060.81743156807
535451040,102037.62484903497
535451110,126270.7866425436
535452060,134021.0639056275
535453080,150922.1212377713
535476360,218172.0089359142
535477130,165812.37023830463
535478040,111391.41280535552
902105110,102669.83893178735
902106070,114073.77887418224
902110010,104694.15214717896
902202070,147110.4584754628
902301030,126885.45752373224
902305010,146165.13996971058
902408080,203608.38218205198
902427040,104091.40702359324
902427180,128536.57830714308
903225040,126279.54787166044
903231180,104358.18526922929
903232100,140165.92491909815
903426010,120255.95093873984
903453080,189217.4035704873
903454010,125113.7758052658
903454090,130119.97385606228
903458060,134022.4218048508
903476100,66457.84265367525
904101070,263173.14735981973
904301110,105751.98463937882
904302010,123355.48799327527
905100080,158630.4776318876
905102010,152295.3697367948
905103110,135390.85172471433
905105040,98345.98876953764
905107140,131636.45108134265
905201080,176475.91968019397
905226080,150897.16007494132
905226170,144816.82768639305
905301050,309182.19078023464
905376090,141977.08465168893
905478140,134971.6984121862
905478220,155276.66722210665
905480090,102664.69312203229
906201022,176801.33426290957
906201023,218723.53721562063
906201200,281281.188238329
906380040,245670.54922472732
906380120,205888.05343813376
906380160,182807.44393328438
906394050,178559.21701372645
907125040,149881.00664432757
907125120,137690.01733997362
907135180,131372.90219838353
907180040,202695.18984100127
907187040,232835.09477571223
907192120,215084.7322069098
907192150,186293.64626060837
907202220,158248.0908599045
907203060,114095.18078159684
907260040,184840.5437719803
907275080,244437.20022707374
907290140,141340.75436369661
907295040,230582.16686362645
907410020,186896.2500238399
907414060,180047.67245990783
907420060,175204.49582458418
908102100,151306.90277601033
908127070,128576.30203107413
908152070,135456.87630177353
908152280,177514.2661498208
908154205,618469.9194598412
908225240,109239.56276007654
908225310,60429.66534917074
908226180,89688.35636845563
908250100,94264.96307238369
908275090,120552.01862291773
909252010,154229.48420344703
909252170,140789.27679156075
909275110,185575.3071456373
909276210,187258.4806468771
909281020,145461.4772693555
909428180,214435.53595391143
909455060,149866.6855177758
910201020,92170.85907649905
910201180,176109.27259968323
910205130,136782.4913477156
910206010,31660.774340530013
911128010,118620.63375506736
911370460,272800.8795142926
914452090,175638.77317589463
914452190,137030.61947762134
916384070,268081.880185732
916384150,240139.69014465204
916403040,161940.0984497948
916455010,220894.40343747288
916455150,307730.60678210435
916460020,203506.3053149621
917425190,244014.60839088206
921205070,282369.8231893109
923202134,140285.15234847172
923202220,176090.11862281873
923204140,148752.03846929848
923225050,129677.73179535463
923228220,82468.9773553865
923229010,141940.2124504977
923230180,118198.62995308984
923251160,159100.5555168723
526302040,148564.3995166453
527108020,231624.03461671848
527166030,177443.27014064614
527182020,167043.8003464706
527190220,279936.9266299414
527210040,493041.4220186183
527210050,364262.8402325897
527216050,460586.3345753581
527252090,305126.7087008916
527254070,334346.4660015351
527327080,176628.5329375476
527356020,286270.5806386367
527375160,181499.48970688198
527376110,175889.1255986262
527402210,115704.9311163762
527403120,94305.23594970182
527427210,182084.74109776443
527450080,113771.90752010452
527452290,141093.33475209432
527453070,115801.52486782217
527455100,140605.63276715076
528106010,332509.3886062794
528106120,245583.06644465815
528116030,325334.5741021077
528118010,321387.68930350896
528120140,383012.663637846
528142070,359744.1636447245
528144030,311762.47408274136
528150080,374022.36709521187
528172020,283597.4791893315
528181030,205459.47313777934
528181040,205849.73554364275
528186110,313345.6776332101
528218060,184571.45264381633
528218080,183764.80775612293
528218140,229009.7095536771
528221010,191870.91913856802
528222020,186551.06203120569
528228360,202996.44968108725
528228565,204740.64411428454
528231050,197619.6402455875
528240080,209076.98993485406
528275060,176517.20207615464
528275080,204692.12545184308
528280100,194054.9553336472
528290140,196063.80848655303
528294070,229896.98286037098
528315070,277654.7875612512
528320060,499351.8328825437
528358030,321348.4053726487
528365090,311012.0441669758
531375070,137933.14495357938
531375100,182313.61758003602
531450040,173717.92456429795
531452100,145703.10321880114
532353180,137704.68575729209
532376180,92549.15490368384
532476050,321679.6019106151
533110130,277858.4433129553
533128030,276327.37803424534
533128090,250310.55654738582
533212100,139064.55608131082
533212110,140003.67499658183
533223080,162306.94152279122
533241010,194400.77434562682
533242030,198773.88234314867
533252020,169187.90614610206
533253090,198476.8361438395
533253160,192964.1107232418
533350050,405557.58160488703
534127190,254498.81554587418
534129230,167521.5844898287
534176250,136177.12265560392
534201280,132720.25375273288
534202180,146330.64330738207
534250300,191870.2692821976
534276230,158542.7318262904
534403280,154811.23122764868
534403440,140142.95893393757
534453150,111248.25672380567
534479240,147296.26190434297
535125060,212282.98480875124
535150240,107479.91197054312
535150300,351631.80213829153
535151130,140149.2755584271
535178100,160700.02594516886
535179050,149670.88945898868
535301150,128080.06947665226
535304020,142688.0352220042
535305120,153796.3573773372
535325460,176856.48550217514
535353180,241781.7938722652
535354130,126083.62374969594
535355100,96508.4899824231
535380130,138465.18474896025
535381060,101474.25183989144
535402100,149171.0390478222
535403150,141214.6283959857
535404080,106413.27590030282
535425040,187635.50617419404
535451190,92183.87295278332
535454030,76934.13329426214
535478010,119741.99908808293
902100130,98965.32502147011
902104020,138163.77171678
902106040,170158.4379486298
902110120,137590.07812174055
902128100,108323.375321193
902325050,149650.97661915497
902325160,105562.55835608098
902329070,109484.9415282116
902329090,140576.44942686683
902456015,60875.21960839926
903200050,61928.260968266055
903231190,121927.56201659393
903232170,80707.1943747336
903235020,67110.90256741153
903236200,107326.86309361875
903400030,81594.40032313272
903455090,137890.63757242006
904100090,157984.91258807137
905100030,150629.68429352506
905200380,80458.89531360759
905201090,166568.89274630466
905351045,175103.29622338223
905426100,221871.6877750142
905451050,168742.36167006879
905452150,133672.6381547894
906204180,254577.61764354398
906223180,205711.05749549414
906225180,190927.3550328463
906380150,172945.5632407657
906392120,312198.49266318115
906394010,233695.69477953948
907125020,150625.98092216218
907175030,226507.12493428987
907187010,221384.15938848114
907192010,224017.25154033324
907194130,198670.98266889076
907201160,154900.90637552895
907203010,110133.66720737382
907227090,104926.57633197664
907230240,133360.05781187443
907290080,230587.5280921823
907290260,251128.1607338766
907410100,186752.21386348593
907410110,229781.00840122564
908102320,164063.4465016721
908103320,148329.53218725056
908127050,136483.64719197643
908186090,150434.58767608125
908188120,133904.53605989413
908188130,134573.8156892151
908227040,79636.5673846519
908228040,102484.46584228038
909101050,114005.74748947078
909101190,120930.66865109271
909201180,105805.01219589417
909250200,126302.99278132868
909254070,175381.37796076108
909275250,124322.73502377621
909281010,219739.77135946314
909425120,237567.60668448737
910203230,72791.08867772894
910207110,94088.60752810448
910226060,150408.72012365426
913350030,217522.1098974843
914452060,136471.4574596922
914474020,202272.22705037735
914476050,137610.16238379723
914476500,166033.1902118887
916402125,175112.97741616023
916403020,201910.95370089417
916475100,313347.1940726391
916477010,316031.69595070474
923125030,71795.18533116597
923203090,165604.93756870797
923205120,124069.2303306846
923225240,120052.98157172513
923227100,146688.35105774883
923228310,58523.042580305715
923229110,180070.9171584465
923250060,162595.14226567355
924100070,183765.0888935873
