PID,SalePrice
527127150,213897.4958657612
527162130,184956.9217037408
527163010,168055.59026671908
527182190,230355.47992141036
527216070,475645.55580454133
527358140,209737.59051663819
527402200,144944.3765384046
527402250,166201.490264084
527425090,92159.27849640744
528181050,201062.27569688438
528218150,174283.97798312502
528240070,224976.1477840646
528250100,164533.16060871843
528358010,273218.3629099134
528382030,228944.5219287963
528445060,223537.75555700395
531367050,227420.6054080971
531369060,190458.4979677709
532351140,121110.3821703877
532354090,146617.42115360973
532376160,135463.67838157466
532479070,199691.4249309945
533212060,159771.0807473894
533221090,175968.50823872766
533238045,269328.9114116898
533244030,225230.19885600448
533352170,181836.2901785228
534152050,201172.56131638988
534152070,197243.6760832502
534202160,153060.38706100173
534251320,167273.45364932506
534276360,125606.30632787204
534425310,139103.78416762417
534427010,149651.87709994533
534431050,214864.58991097065
534431070,153913.07895428094
534479320,142933.0593962386
535106190,161930.8097582413
535152250,138994.74813080317
535302080,99749.80679152996
535350030,142939.37826242764
535350040,120908.59775535636
535454070,135332.99028428528
535457090,155823.28452705746
902102100,140469.85682674227
902104060,75101.0153981191
902110090,150664.2020891619
902125080,121035.31405592298
902206040,122916.98400417501
902207140,100775.43332665873
902402010,148181.37169639574
902402250,151025.33268426522
903206120,186471.6721467039
903226160,87522.71738309557
903425110,142289.86268366073
903430080,108446.72246468769
903450110,132132.2631129251
903454060,69424.40424618269
903476030,125520.92640446963
904100140,191254.00969082795
904302260,107735.73821801289
904352190,120191.50095820372
905105200,118702.02694989493
905106140,142562.59816754528
905109130,278905.1289670965
905109170,227508.2112308726
905325030,183693.18286018271
905352140,234428.15741998353
905451320,131677.34649428332
905475510,126702.7188082821
906201120,247128.14350904778
906223090,229489.55769686174
906380190,192809.46092363953
906385020,179026.3521899413
906402200,314459.9826667982
907200280,149690.76614703098
907203070,120691.47865569076
907250030,284899.4668676156
907290040,204309.99609204096
907290170,143384.00318974268
907414030,182583.02617862276
908102060,46858.01703544057
908102110,76874.68697589746
908103350,116707.07039258254
908226130,67095.49492850462
909100080,131421.2261501942
909101070,65676.26874734621
909250060,175043.36504452248
909428280,304104.6771251968
909452114,201088.99388657225
909455030,163047.56166511026
911204090,92628.57170208813
911370510,275210.2960250578
914478110,154184.81308128778
916386020,189045.13165282662
916386060,167926.82373786398
916386090,270739.4184081997
923205015,178797.43182074706
923230190,103962.78307551173
527105070,188822.80709257867
527105130,266065.7213813495
527131030,275747.42290856346
527146010,240831.8221059097
527180100,158746.57311438135
527276160,201620.85267029481
527301320,252901.30711174276
527352150,190280.5963669156
527375180,154496.52041726053
527376100,148522.007417773
527378140,169095.5643186947
527405180,108725.70721224372
527425110,118818.27436502902
527450280,95499.79511030419
527453060,146469.1887340095
527453140,116000.94556252884
527455050,151618.89597457877
527455080,153348.04918337797
527455090,105465.87089801705
527455280,148508.90102899997
528102040,353886.02744415187
528102140,443926.01269106107
528108040,355049.5268059273
528112040,320194.5731275346
528116010,323199.5860892485
528118060,346837.6467211436
528120030,348244.2043285669
528138010,355121.98144632706
528142040,333617.96128785575
528142090,291784.6475851162
528142130,292404.3654402453
528168030,282111.06079695007
528174050,214141.79449470123
528174060,210435.29713728203
528218090,170146.1522956393
528220040,176795.13178067582
528228295,212049.9401230816
528235010,182856.47525976368
528240060,180594.58816660033
528250020,192314.002284338
528250040,177772.89703069246
528275070,227754.93542196765
528280230,218720.92558970334
528290030,160940.7351599754
528290120,176060.1055292742
528290180,178967.78598722417
528292030,266611.9769635062
528292070,227232.84166889038
528294050,152641.55576883172
528344040,323749.0363763937
528365070,323907.0637854507
528431020,233850.60510523382
528435050,265976.4818591359
528439060,249088.04787885014
528441020,233708.46023918933
528441090,405953.9301960852
528456180,242824.43295186787
528456220,188295.60384652327
528458060,197822.11082318934
528458180,212927.38823218405
528477070,265404.3379128686
528480040,236086.3577575767
528480130,214907.997096627
528482040,270325.90346072544
528490070,204376.32458289468
531363050,133014.01962951783
531375040,155451.46114316507
531375130,167172.508792963
531376090,206969.6359086484
531379050,224521.94509348265
531385020,188623.81711755376
532353020,117893.12612293687
532354230,106582.35796512688
532377130,124582.39932053926
532478020,273230.4891562825
533213020,206336.62602154957
533213040,191244.21749321412
533236050,197994.7907169612
533252040,321023.1650284973
534127130,188577.39097500095
534127170,179583.98398448946
534128020,215351.5546313327
534129080,202604.33428948678
534152120,167386.1862560962
534175080,221560.25378539864
534177230,193370.60455616843
534200030,103172.1523519862
534226120,110756.28986680595
534251030,182224.375306303
534252240,175389.12738555658
534275060,121101.67154356572
534275100,101379.30434290021
534276040,122763.39198610124
534400290,177304.6002685359
534451110,111360.16763729842
534475185,165626.85292030947
534476320,124024.34390149218
535126010,218244.69925477443
535154130,150897.51860071142
535175030,160689.23697382203
535175050,138116.0193659077
535178040,115104.99796462258
535179160,122768.89797712796
535301170,178486.79245308362
535303150,103819.82429110131
535325290,105127.75081513709
535354070,118800.44582397492
535375050,112468.7485868366
535381040,151440.83803181193
535383060,75732.96244830701
535403190,153487.41606415802
535450160,91737.4522641871
535453200,153914.67821563038
535475010,163899.26537765097
535476110,129445.26154555581
902105060,126589.57251442096
902106010,143954.49873686204
902109130,89884.27734544882
902134120,100687.12166976107
902135020,98056.58639313701
902201110,101861.18564585286
902300090,107410.46798203485
902301060,134413.90464917436
902327070,166580.53915494512
902329080,146656.75635882508
902330040,153714.8550974139
902401130,132627.36628087118
902402150,78906.88733002754
902405100,180705.67804811287
902406070,147277.99165662617
902477120,41723.77441599092
903201020,142081.77871134796
903202170,138172.77690941456
903226130,110800.04666423504
903230100,104314.94220075224
903231010,129441.53862614105
903236040,130300.61927108021
903400220,174174.2899802278
903427120,146244.9993943986
903475100,119999.89740298799
903476090,110186.44584929885
904100190,78616.29526618612
904301070,163122.15368156624
904301375,62560.79123386816
904351200,116133.77349122717
905200260,150621.2977874086
905200350,144303.66032029124
905325020,244347.75921147672
905451300,118831.00561490795
905452040,144878.7109139707
905475160,106204.45080956141
905478030,153331.79647221047
905480030,95568.23184877544
906201050,159924.15891896674
906223210,221421.43703477195
906226060,135886.2037346688
906226080,150259.10797286706
906226090,135522.01665972118
906226140,115379.00109143363
906340100,366306.46076463023
906378110,205084.60820744504
906380060,292843.87738203775
906380100,263134.68954392994
906380220,210185.27914990226
906392130,183533.4813288503
907126050,141059.1381292467
907131090,227637.38335083856
907131190,189268.601641112
907135040,159057.60419586423
907135170,139359.8698608556
907185050,201876.89753907578
907192030,184341.71850086658
907194110,180459.58746810418
907196060,193362.77000444275
907202130,153959.78704412465
907227080,132757.76444496217
907227110,130844.30553439246
907252060,235353.45888189052
907252220,258185.08442587897
907265010,198430.87902999777
907275090,227843.61380951465
907285020,248652.80487118175
907285050,188516.47653320036
907290070,168794.35357859972
907412020,192271.4793581871
907414080,182296.18499691013
908102050,111119.68102414455
908152100,135467.33448553825
908154040,331809.07428080344
908225370,96074.91126157701
908229020,72084.96535697505
908275040,121577.32868142145
908275110,148862.58653508298
909101010,119969.66588975668
909101140,137592.08204318892
909129090,112517.25097277126
909179020,214377.5461273807
909251170,155581.08669937914
909253180,128989.19817625603
909279010,196416.0513823213
909282130,145193.02424943305
909427200,150904.34565818668
909451040,96699.88859486207
909451140,109961.82577593738
909451180,114698.82798778964
909452050,228238.33264264997
910204050,186409.35511151978
911104060,37973.85436677589
914475010,132476.26208703403
914475030,168852.15090910398
914476020,109492.77191506846
916386140,209578.8605405506
916403010,194768.9576349701
916403250,237794.39899569354
916460110,202183.5537898771
916475040,359726.9179057856
923203110,176644.4668320207
923225360,100221.02807587702
923225490,100182.5480979672
923227080,175217.17061578244
923275040,167745.07881913456
923276260,130319.97551490301
923400025,175901.91955666145
526351030,208229.1214112778
526353050,222503.53233741163
526354070,204114.04771743418
527106150,213960.79809887966
527127140,301374.5497144864
527140090,213514.03839500193
527145090,194219.26176871074
527165010,177121.0395713698
527183060,224842.41269411176
527214030,401395.5532824472
527226020,185029.2572370981
527252080,331083.29768916126
527302050,188351.88553647944
527357110,125471.68316892475
527380240,264799.6296406391
527402060,138498.71734454422
527450110,93265.26194867595
527450520,106754.51407149664
527451060,81352.71733565713
527451290,74196.43319592843
527451400,104152.2959307361
527451550,111686.36262632412
527452150,124030.7662420069
527455270,93931.64158471426
528104080,424248.9864792109
528110110,419112.40925572836
528118030,382877.882955315
528142020,296263.1160431812
528166120,390191.4207544957
528178090,339284.6530730281
528186080,325739.13640602515
528228345,231435.7867015305
528228445,185715.96625009796
528235120,192584.44139773818
528240050,191844.95028468696
528280130,194561.9215382892
528326030,290365.6325246668
528363020,298870.91317101393
528363110,356495.0879384604
528387050,285513.07193227083
528431080,233879.40867465927
528431120,249910.49829744681
528458050,221113.38927247812
528462040,210869.62929540512
528478030,270376.90359120327
528478040,235750.25177439238
528490080,205776.79699098744
531363060,143895.1358013938
531373060,185033.390922105
531375120,162038.4502748145
531376010,178332.16292504134
531382110,190724.75851714358
531382120,211124.4249516017
531450030,192325.2049642958
531450170,188200.07806228215
531452140,149586.6895007526
532351050,114408.57032187199
532353050,125086.47982879437
532376170,94355.0316043117
533206050,177708.85924960743
533208080,156748.18826780497
533212050,159869.28236026407
533212140,145233.21762391322
533212150,145436.2647481935
533215020,250753.5107115457
533215070,236106.42198557162
533215080,236706.93025405012
533217050,152024.16814937975
533234020,229465.22579150763
533350090,341061.7468506621
534126090,184114.0467190631
534127230,170944.10068592365
534128050,153818.2911918538
534129060,192818.5792004928
534175140,125720.54597419579
534202130,146562.68798262192
534225110,141037.70398213522
534225120,141519.1547106594
534250010,145547.79032710972
534403100,244001.88224883826
534428020,133512.61666023417
534428100,140233.92502865792
534453140,75044.31929831872
534477090,132520.09365849543
535105030,134887.45618010344
535126140,217811.03010081378
535150210,132660.62880925453
535151160,135397.1051252923
535179060,184531.22379487945
535302140,101375.5027223632
535305160,82112.42364276416
535327230,108230.03629164398
535375160,92437.6155351588
535402120,172721.8973455971
535451010,124957.34023255273
535451050,96476.06995922327
535451230,89577.42088037632
535453210,149742.2106015707
535455080,109062.38861372923
535455090,119294.79496758887
535456100,92186.39225188163
535475020,168427.11178660754
535476370,197096.01589903975
535477090,115026.10290405597
902100030,74800.04527157592
902103150,115989.59862244011
902105010,108737.1577537845
902105020,233447.58404365697
902105130,69955.2593971016
902107030,119970.4066836477
902306120,134844.64033272158
902306130,133772.5535611426
902406020,105971.60572923947
902427150,116283.65533907517
903201030,131946.58970564447
903204095,81616.67903103062
903206070,146034.42833113516
903225160,103386.73114479141
903226060,159408.25985302517
903226150,102363.59310798497
903228040,146030.19526693964
903230110,105508.7356628073
903232030,69731.1321621756
903234090,147292.75225842753
903400180,189347.85140291942
903401020,152059.07368920298
903453050,117684.02615685273
903454100,144513.5835951309
903455030,110984.13392276343
903455140,121731.36007267432
903456130,119732.08327973101
903484020,129045.08580812972
904100160,130073.24456467907
905104080,85992.19485334613
905202230,185969.53131494127
905300020,133915.86002416606
905401045,166554.4104251414
905426030,206733.09215667535
905452120,127952.88950061679
905477050,148399.6483759894
905479110,111780.0419102448
906223140,223492.40626201575
906380030,223352.15593729168
906412010,384256.88618424936
906420130,240108.73446677823
906424010,229684.66860370926
907135260,145572.07446142088
907192130,210861.46972006653
907196050,208706.3539134023
907201060,146055.43300280272
907227300,117224.08744502281
907251090,236312.74275651545
907255020,247876.12764860515
907255060,295179.4060915742
907285080,213477.46500742063
907290150,140231.4849987263
907295020,230826.82531978688
907405020,213549.41710783116
907418010,213816.98912138736
908103280,137239.51996030443
908128050,140613.34267729922
908151040,142050.15296499484
908186040,127660.10352580145
908201120,108090.90195699086
908225170,92198.64512685964
908250040,96329.0046529205
909101180,122746.48262605115
909131170,124264.03240952468
909250230,164723.38065694593
909275050,158282.72015434192
909276170,184286.07284150118
909281110,203279.63684322708
909425085,240756.24525166117
909428190,224640.51876461552
909451150,149783.48277426406
910200080,119932.02232154389
911102090,98590.50917361701
911102170,75730.975524869
911370490,348579.1661470446
914476010,154553.9360699791
914476450,210689.16714048968
916125425,303425.6639319577
916380060,279809.7113574545
916403230,192665.30883006356
916460060,243116.33664199262
916477020,303624.8024397427
921126030,249362.21497567717
923202005,197910.25014609465
923203140,166110.78463769774
923225080,113903.43326719594
923225370,98290.75235077697
923252100,120808.00583027094
923277040,136573.39581082814
923426010,121335.41007754458
924100020,180080.85976443038
526352080,189663.07300736743
526352090,184794.7577100352
527110120,178715.03537348582
527158090,167979.08420138538
527162090,147842.4828818615
527163080,140734.58204185378
527165100,151763.75247851596
527175130,127423.9994415
527182170,240114.94234065252
527184020,206098.38462725756
527210060,350077.8331046069
527226040,172580.27839933953
527252050,306284.46053894446
527252070,269721.55397837725
527301080,183557.78616735424
527302090,208190.19911373235
527325110,194481.6684798619
527328020,141510.4932305524
527359010,209116.43346184155
527359080,177418.5006954755
527402240,168349.74339415733
527404100,104933.26824568774
527425140,109633.94961424061
527450220,121766.03013814476
527451170,130583.45112793645
527455030,131406.08082492428
527455250,112590.26268586425
528102120,278694.8318010523
528104010,350795.7390454237
528106040,396650.3302738138
528108160,300355.8085847756
528110070,302191.4932486727
528110100,394858.2095826835
528112150,240801.582668423
528118040,380026.65903309826
528120150,298440.11647364224
528144050,348308.2123270788
528150040,363928.63213140814
528168040,297834.2174726413
528172050,251734.49980500634
528172075,256685.14964645312
528174010,205273.89770107676
528181080,200381.1949082456
528186050,308244.1410524868
528186090,306651.14469324466
528186120,326106.5918145057
528188160,210848.8954216339
528218020,171842.6801609845
528222060,192568.47099102082
528222090,170522.1574585309
528231010,230037.43213877923
528235000,171775.4887441843
528235160,208145.3444458329
528235170,213794.286585951
528290170,188204.37122922594
528320050,511413.9336337925
528327060,465618.7263958163
528354110,319196.02079563704
528429090,324876.62347520585
528431030,212048.395255905
528431040,404909.8482429812
528431110,286609.0861624829
528435070,242306.65459905047
528445020,213057.92086585046
528456190,205111.00005968637
528456230,200095.18722095716
528458080,240435.10360424806
528458130,311705.1806719061
528477020,226647.9258758937
528482010,237415.03432466756
528482090,257656.90388420742
531375140,162647.2826679522
531451150,121592.08521017511
532378240,118375.37389007802
532479050,144451.72296300565
533120030,357883.9770047292
533130170,320393.5032398687
533208040,208927.17993817411
533208070,169837.96019531344
533213130,176092.6366556853
533236040,174103.9591121453
533242090,277677.35754799005
533250190,229168.70838567897
533251110,326669.5630756228
533251130,199590.49921069798
533254130,182322.15435570886
534104090,232253.7925914046
534125120,127183.3694167817
534178010,120772.50353561826
534201040,131164.8286586374
534202030,136246.12130491552
534252110,130705.83459747005
534275170,126423.42311830279
534276180,124966.37174654538
534278170,132459.043642572
534278190,102923.16239032257
534403290,207181.76526685682
534403420,131808.7265689671
534425080,179008.02338681562
534429030,78080.25245732583
534431020,134038.1483209244
534450090,47569.087865294714
534453080,96408.83258028397
534475170,163931.71099132617
534478140,138930.54414298563
534479120,111695.10848373803
535101150,140607.85839466174
535105110,167702.51753548923
535106180,132601.72668896161
535151100,119520.82254809525
535151110,128911.14733770459
535152060,122994.46349606347
535177110,174129.91043842025
535181030,187689.5611649737
535181140,157058.78193561608
535302070,115096.64461262559
535327200,122674.80455726998
535353160,133922.5428912253
535354050,131738.23126752803
535375130,98784.60904207008
535378080,131190.7195691523
535379110,127086.34253547984
535382150,78801.10261365568
535450220,100150.95547250737
535451040,102201.16149498468
535451110,129844.1146262413
535452060,130148.15385827508
535453080,153366.9978389131
535476360,218431.45535682343
535477130,163000.8790116311
535478040,113096.2270940053
902105110,97945.20947473048
902106070,112431.22704594187
902110010,101267.14359595565
902202070,149647.28700772644
902301030,125951.97780967728
902305010,143943.7965490587
902408080,191563.68442025184
902427040,100521.19874500798
902427180,132162.13556456
903225040,123599.58781244523
903231180,107710.52834995919
903232100,134583.4633629076
903426010,118589.71919688696
903453080,193812.78463322998
903454010,130703.42256415382
903454090,134716.84021226707
903458060,131443.69580590248
903476100,80972.58418097407
904101070,247903.20293592958
904301110,110500.45267595386
904302010,113002.6710224225
905100080,153463.20790492021
905102010,154425.59298307396
905103110,138535.31491114962
905105040,100368.09178225182
905107140,138589.9209973907
905201080,177753.8470891806
905226080,152588.1423297714
905226170,145024.43331164622
905301050,302149.43826479214
905376090,148448.4390734512
905478140,133252.96733705085
905478220,151513.32738828636
905480090,110826.74596281265
906201022,187565.67120033197
906201023,218450.16518016954
906201200,272418.42343545833
906380040,249238.41648742353
906380120,210876.24330122568
906380160,183878.72270153757
906394050,182382.20538156512
907125040,150897.14030598395
907125120,136705.8940942061
907135180,130100.07407902917
907180040,204394.2090565263
907187040,231382.44633714273
907192120,217432.48099250701
907192150,188177.23115121663
907202220,153625.28002518753
907203060,113917.75979883183
907260040,186340.64506589805
907275080,246813.88903226878
907290140,138639.47575217477
907295040,229638.65887343918
907410020,192344.95756508992
907414060,182363.3176053916
907420060,178797.7446536225
908102100,149625.39647402213
908127070,124734.39407462446
908152070,137602.27840756477
908152280,175650.83380728753
908154205,588632.8043838482
908225240,114887.07534319267
908225310,65098.23555342438
908226180,98738.80063903783
908250100,98756.79025822351
908275090,118389.68341335552
909252010,153554.35163991002
909252170,140859.70034922916
909275110,192419.1822990116
909276210,189944.1927466042
909281020,145656.19221371578
909428180,211793.8447837391
909455060,149751.33547574104
910201020,88882.66590148288
910201180,172340.7888734175
910205130,137217.75278999022
910206010,32147.187143126037
911128010,121840.93207476908
911370460,274185.3427834302
914452090,177096.4702045195
914452190,139664.11688676133
916384070,269009.05121527606
916384150,246498.0247892571
916403040,162572.1122100104
916455010,221672.8268787
916455150,310232.19916975097
916460020,206185.82412853933
917425190,227542.65397535308
921205070,280124.89769924176
923202134,137075.1265447562
923202220,179683.10351068375
923204140,147445.45603502094
923225050,130582.80347151437
923228220,78498.9442427341
923229010,142942.9016005431
923230180,120170.30246442635
923251160,156312.35704241175
526302040,153738.98827760565
527108020,234520.00059392152
527166030,179341.2370893006
527182020,168085.9995505572
527190220,274639.9256379154
527210040,490299.43304856925
527210050,368340.8021830514
527216050,453599.7457624098
527252090,308582.7521021329
527254070,333779.5793485184
527327080,181338.19394246506
527356020,279381.5126254768
527375160,177757.36384721255
527376110,179908.58702291345
527402210,118693.41498875755
527403120,94143.38200240565
527427210,183166.6630020947
527450080,115580.20655558117
527452290,137842.2460317101
527453070,117034.84971524993
527455100,142572.16712865818
528106010,329299.66112145525
528106120,243878.49931522642
528116030,329065.4745561652
528118010,326306.3892476307
528120140,376777.380892434
528142070,361316.17178756243
528144030,313908.4720041389
528150080,370064.7627370355
528172020,285089.820136692
528181030,210523.78985744965
528181040,211020.9499026808
528186110,312207.530354447
528218060,187740.7636257129
528218080,184679.28318153013
528218140,232681.880334089
528221010,194442.8105606701
528222020,190735.4631211884
528228360,201947.58052739687
528228565,205051.36309637548
528231050,192330.1399692522
528240080,208002.30777488783
528275060,175792.3424897726
528275080,200195.19621097186
528280100,195509.92580345282
528290140,193894.541553414
528294070,224501.79538498868
528315070,291443.3996059095
528320060,487788.19238106854
528358030,325107.8725665289
528365090,308686.16654694546
531375070,137416.5798157706
531375100,181338.18208796557
531450040,174858.88671684393
531452100,148146.59944091027
532353180,140514.91799642972
532376180,86311.75967317485
532476050,327225.34160857066
533110130,276599.4769072658
533128030,277019.8700265156
533128090,246253.4946078568
533212100,139046.32226596953
533212110,140901.87001598763
533223080,170580.96512594016
533241010,199764.3716916038
533242030,197503.35007126367
533252020,173423.093616059
533253090,198994.19973807124
533253160,192881.196232883
533350050,402827.61081808223
534127190,256559.50077815275
534129230,171248.20164337344
534176250,137949.7608775834
534201280,135874.59150725635
534202180,147631.95361224152
534250300,193990.3825311327
534276230,157857.15599250564
534403280,158957.59386337132
534403440,140620.78682913203
534453150,115981.23613111403
534479240,147594.13851849583
535125060,212883.51856594827
535150240,104234.23824832507
535150300,310903.4642286957
535151130,136748.44709045652
535178100,155442.35661787822
535179050,153043.50881881756
535301150,131564.09366778264
535304020,139884.14288823068
535305120,156934.62444133856
535325460,170718.86294463085
535353180,239785.21753606212
535354130,127506.96774752083
535355100,99976.81411225225
535380130,135623.2172791757
535381060,108182.68787912888
535402100,149590.25669677762
535403150,144948.1208850885
535404080,109603.32513340158
535425040,185936.8678234502
535451190,94401.67604561048
535454030,66862.06480516937
535478010,125670.28266165573
902100130,97825.095061801
902104020,135846.8679604982
902106040,164120.4536361787
902110120,136950.78678174515
902128100,104943.373979386
902325050,142251.5275452204
902325160,102588.33127335394
902329070,106037.14330580397
902329090,144173.11009813708
902456015,58247.2621139282
903200050,69827.85704258428
903231190,121163.81979508646
903232170,71642.8952142298
903235020,65664.66843221763
903236200,109061.00430879214
903400030,83536.32644095599
903455090,135965.69229610095
904100090,157831.13767809983
905100030,150327.55147774107
905200380,87394.81127794184
905201090,169913.32186936555
905351045,180718.00752112223
905426100,221707.3618150514
905451050,176237.7193904377
905452150,133241.61403070053
906204180,249591.2154163
906223180,209898.55264233754
906225180,201609.02183267917
906380150,176728.54096277803
906392120,313160.09626009763
906394010,236735.80902592363
907125020,151319.58316112583
907175030,224473.13281232712
907187010,222475.9996766033
907192010,226908.79516117234
907194130,200064.4391802838
907201160,151202.32685190902
907203010,113711.04059637693
907227090,103972.56309651698
907230240,145962.5906805483
907290080,229285.11524068814
907290260,259473.3349193688
907410100,186667.09042338
907410110,232319.3835619033
908102320,167397.12119627546
908103320,159255.34939554328
908127050,132882.57488021557
908186090,148364.91992698424
908188120,135181.2593347812
908188130,135858.999195572
908227040,90272.25705388714
908228040,107527.61738447443
909101050,116166.93535989837
909101190,116140.98271250728
909201180,103652.26357375644
909250200,125200.07179089985
909254070,172019.38198741674
909275250,121658.48026569633
909281010,216130.20494513714
909425120,229010.55310669105
910203230,77371.119422404
910207110,95303.20564577848
910226060,152857.41309488897
913350030,213551.6163576818
914452060,130956.64206781516
914474020,203883.771996186
914476050,129446.44152549135
914476500,163801.03037791178
916402125,175824.16551621692
916403020,204462.54424334833
916475100,314199.696166488
916477010,316017.56514533336
923125030,68792.12522929959
923203090,169349.66525837668
923205120,123991.94202577448
923225240,116517.59496152529
923227100,149081.89236467553
923228310,55736.81181796963
923229110,173746.05436035676
923250060,165760.4294684616
924100070,176266.93624445083
