PID,SalePrice
527127150,211946.37183908696
527162130,188586.11792307443
527163010,171261.84856279686
527182190,226343.3742043112
527216070,489524.30681128317
527358140,215942.11485775013
527402200,142667.42376788324
527402250,160826.3450518581
527425090,96108.8173946845
528181050,198457.59489410097
528218150,176226.85781384044
528240070,224466.52649127768
528250100,161335.7865840455
528358010,266557.9643761552
528382030,224639.02087162473
528445060,224405.2271521894
531367050,226130.5926113405
531369060,188217.7611274695
532351140,128530.7378563034
532354090,148624.60606825078
532376160,133006.34258161328
532479070,196714.32907880464
533212060,156120.8065051879
533221090,174713.05153206416
533238045,276007.10490035627
533244030,225978.3582137745
533352170,183247.82087823187
534152050,200919.52426537883
534152070,201030.62872971702
534202160,146193.63332722292
534251320,164696.50626457602
534276360,119745.30775730497
534425310,135338.4654823957
534427010,145501.44843656992
534431050,231496.9409892047
534431070,150472.6033361388
534479320,139986.3660013466
535106190,169237.53285368896
535152250,142696.46686340362
535302080,107624.31377735092
535350030,137179.0190673667
535350040,123940.58904990401
535454070,130491.63053685782
535457090,149038.71399635117
902102100,141416.3466786141
902104060,80085.06586373167
902110090,146208.12494711892
902125080,114149.06249612702
902206040,130784.08303940998
902207140,95571.79454628637
902402010,145370.26727889566
902402250,149045.27356346685
903206120,189866.83138807613
903226160,94907.95766101385
903425110,138716.94702989777
903430080,113738.26895427074
903450110,114398.32860013256
903454060,47464.82049862872
903476030,129520.487103546
904100140,201518.13803252048
904302260,117366.26783857474
904352190,117694.69502659272
905105200,114937.01721164638
905106140,136531.84085743153
905109130,290920.86185294006
905109170,232055.81944959913
905325030,219625.9026368409
905352140,231784.44507359728
905451320,130486.3936899589
905475510,130780.71463046932
906201120,248141.42989157088
906223090,229646.86645650415
906380190,189905.42547393637
906385020,177648.71862211532
906402200,324581.6065192644
907200280,144800.2274642768
907203070,118725.3641491647
907250030,283043.4603928535
907290040,207172.7382569568
907290170,143235.7295565358
907414030,183201.81283647215
908102060,49811.237497762224
908102110,77913.19859006203
908103350,124915.16708098959
908226130,84803.51550901751
909100080,122563.67141835431
909101070,69498.10241492321
909250060,189962.00855953342
909428280,306518.71110984357
909452114,198314.21039660746
909455030,165184.65170505934
911204090,98177.87247479455
911370510,277437.03868942976
914478110,164068.0944149228
916386020,185402.9416567832
916386060,156128.33333301859
916386090,265524.28680677805
923205015,172153.1656754331
923230190,110317.50158468443
527105070,190770.87108287812
527105130,268837.1694404228
527131030,272971.59070517484
527146010,241713.23569820935
527180100,165914.1945452635
527276160,208889.8560136309
527301320,258511.3630452158
527352150,179204.67508900457
527375180,148708.0603524205
527376100,144529.86517236233
527378140,177986.6974416653
527405180,109298.85290185988
527425110,118010.44761373936
527450280,94751.12323503118
527453060,142874.4897116664
527453140,119286.686382581
527455050,152983.99913438814
527455080,152305.82901659454
527455090,104756.34298023047
527455280,150141.24989276784
528102040,363230.2272743102
528102140,445947.02456924337
528108040,373153.64178402256
528112040,329173.826386874
528116010,324484.396314962
528118060,354787.41570916213
528120030,352407.7115549033
528138010,362932.3111152563
528142040,336107.9028858959
528142090,295392.25361428084
528142130,292381.76864524686
528168030,276801.26965416083
528174050,211981.50909642637
528174060,207533.6394821346
528218090,172066.46705178072
528220040,176065.99139359005
528228295,213444.8593190131
528235010,181768.28880183748
528240060,175637.04625509944
528250020,189677.49034661285
528250040,175751.09157295508
528275070,232479.12149821574
528280230,224920.54119658307
528290030,163790.43930214996
528290120,183467.11071104318
528290180,180567.40717126246
528292030,263563.4884115143
528292070,225158.88198554656
528294050,149639.81196482838
528344040,327641.6027526682
528365070,330230.4162329597
528431020,233725.19650920184
528435050,266165.31175914936
528439060,239154.48527015245
528441020,235612.04190319538
528441090,421445.7849988848
528456180,244174.24655862403
528456220,190529.14872485003
528458060,193920.21433189887
528458180,212618.5391421948
528477070,260700.57986148517
528480040,234793.18216033786
528480130,218909.97807372137
528482040,273248.1666708789
528490070,205532.27644831964
531363050,133593.82780964603
531375040,156373.2982748367
531375130,167490.11148646352
531376090,208382.42037349092
531379050,228785.1701280406
531385020,187279.10850029887
532353020,109951.16447323636
532354230,110273.09252708036
532377130,128224.21661916756
532478020,274475.6282073647
533213020,202144.1091081799
533213040,186572.62433023533
533236050,192222.83148931942
533252040,338556.1584488007
534127130,182372.713407351
534127170,176195.4666285618
534128020,214929.08444663172
534129080,202857.00300423492
534152120,171739.9940807011
534175080,213966.45003834588
534177230,196245.29043110315
534200030,107780.93661982972
534226120,113730.92083892981
534251030,178755.41928331007
534252240,167561.7992000836
534275060,123354.3791946831
534275100,99604.51369988534
534276040,138720.71622013723
534400290,170190.11130571648
534451110,112858.3558601101
534475185,173665.00750749005
534476320,120671.74849442553
535126010,218913.2873651217
535154130,137986.97697951645
535175030,160178.29168809895
535175050,141272.51578434036
535178040,121823.39013661638
535179160,120693.43742440145
535301170,180919.20581659547
535303150,111306.36614092864
535325290,108004.69941400632
535354070,120247.24891977565
535375050,120502.1352029521
535381040,180766.1066255961
535383060,55463.94336126116
535403190,151273.26289168093
535450160,82728.31691156716
535453200,151967.0751851201
535475010,166143.19031425027
535476110,135413.58868124074
902105060,125780.32049493425
902106010,145241.02485678683
902109130,85087.48628014133
902134120,108175.63085468867
902135020,94302.86064297627
902201110,119075.37154797111
902300090,99497.29717643662
902301060,134509.68593728024
902327070,172070.49862594504
902329080,145863.43822002527
902330040,150160.40694444015
902401130,133525.82157282205
902402150,86533.07285443165
902405100,183673.4368720156
902406070,144066.7618431286
902477120,48769.6603413297
903201020,132193.49359476002
903202170,139018.43643007628
903226130,117937.62545035634
903230100,111196.1853431713
903231010,136504.59165968694
903236040,132687.52236640858
903400220,174975.20720690023
903427120,143967.09076396402
903475100,119832.44148897086
903476090,120933.59763247316
904100190,77667.19110206333
904301070,161870.47701502967
904301375,66746.54740180397
904351200,111653.5028184657
905200260,151472.77462195483
905200350,145084.783864058
905325020,255828.0537445161
905451300,116325.91098581695
905452040,145462.93954234273
905475160,109367.09720620024
905478030,157372.63196422794
905480030,102733.20588323571
906201050,162013.3295240244
906223210,223428.51135847176
906226060,143114.4655859372
906226080,147628.59802856582
906226090,140892.94122898096
906226140,105012.01456637771
906340100,367239.1989433239
906378110,202207.48249296576
906380060,289173.31503343093
906380100,266126.02627357235
906380220,207631.63236866766
906392130,175863.98941712486
907126050,140322.6347943156
907131090,221210.6664157031
907131190,196082.1095125133
907135040,150231.07555438564
907135170,143228.65329203082
907185050,202107.98586956976
907192030,182621.19940962974
907194110,182380.33705485403
907196060,197970.53656197913
907202130,152905.91534754264
907227080,128838.38173298826
907227110,126436.70929745433
907252060,230560.7297955782
907252220,255997.42949638888
907265010,202862.90536677028
907275090,224888.0052562938
907285020,247823.03817124665
907285050,191119.14977358826
907290070,164581.4211319796
907412020,191714.6986462446
907414080,179865.66869253322
908102050,113601.42812757812
908152100,133306.73095820472
908154040,332948.9366685374
908225370,90462.53662279378
908229020,73713.30389199109
908275040,110938.40402345007
908275110,150654.52555095984
909101010,118524.56200443339
909101140,143575.66625584502
909129090,103538.15566180852
909179020,246503.64294416495
909251170,150268.0666247774
909253180,124892.74713284119
909279010,192181.14054248223
909282130,155951.7214879404
909427200,153449.36470151856
909451040,95556.74878840591
909451140,108516.03187241788
909451180,116985.37119582537
909452050,226240.0603496256
910204050,181639.37821459657
911104060,46407.29295287462
914475010,132605.11793762346
914475030,171492.46521733093
914476020,112237.8362747334
916386140,205591.2835313195
916403010,193314.06353893492
916403250,224846.36778736717
916460110,199798.95960406092
916475040,361818.53210002376
923203110,175883.84268107082
923225360,103336.69677486162
923225490,101558.75640650411
923227080,172808.44833693956
923275040,171498.93518472335
923276260,140109.32993628553
923400025,177167.47205335626
526351030,210191.8076234429
526353050,224967.33395426418
526354070,203742.82583412336
527106150,212866.295233624
527127140,307572.2597720213
527140090,211998.47111924697
527145090,193142.30589647384
527165010,187120.2046635289
527183060,219429.58749037262
527214030,407758.1671879707
527226020,166492.4617925561
527252080,335519.556002149
527302050,185367.4306133722
527357110,128095.511637338
527380240,272677.64175315405
527402060,136351.38364438462
527450110,92338.02309203753
527450520,100940.49362599029
527451060,79823.53688320925
527451290,73772.64196011185
527451400,103841.63805814514
527451550,107832.4113587354
527452150,122948.53469777605
527455270,94016.05936463125
528104080,436170.4949299466
528110110,418099.3579363764
528118030,386601.3123975311
528142020,294279.7484213815
528166120,392094.44683607103
528178090,341608.6864154346
528186080,322812.95786602766
528228345,229493.60132793285
528228445,181211.83891320857
528235120,192037.7284408032
528240050,189334.2807915407
528280130,195809.70108693233
528326030,286615.8750663329
528363020,298473.8263681767
528363110,353030.5804809558
528387050,286704.27823838324
528431080,233786.50885607465
528431120,240413.09351561702
528458050,220968.40262024483
528462040,211948.04180277642
528478030,267254.0030146531
528478040,234553.83978546903
528490080,207120.608364092
531363060,144567.37773485866
531373060,184504.16643600518
531375120,166675.0767816698
531376010,179555.3637714489
531382110,193795.41176076845
531382120,216758.4878220821
531450030,195976.11081670932
531450170,192541.52983775907
531452140,148001.51244430736
532351050,112119.01483515251
532353050,127018.8022439323
532376170,107696.7074163209
533206050,178683.72110688649
533208080,152144.97984895925
533212050,156335.78370710893
533212140,146982.5061367232
533212150,147514.09574154258
533215020,250111.35174201377
533215070,239393.9725787373
533215080,238946.975073365
533217050,151631.27614022058
533234020,229235.60917458666
533350090,328505.5538966998
534126090,177498.52030240034
534127230,175628.0271428635
534128050,155102.34015429366
534129060,186482.39337389456
534175140,131715.63470197885
534202130,145124.29548951663
534225110,135376.13606921333
534225120,135382.54294794257
534250010,147634.69596706447
534403100,231578.43582409289
534428020,128793.27951821632
534428100,138969.2986380692
534453140,73281.54433356776
534477090,132119.29863835024
535105030,132042.5379000025
535126140,217789.78914742044
535150210,126854.94918438983
535151160,139208.16794838535
535179060,181344.4069112145
535302140,107241.26372444694
535305160,80984.56610218801
535327230,110978.17369966244
535375160,95231.03951399434
535402120,171677.29614883263
535451010,111615.05677559462
535451050,94391.63763949317
535451230,79681.58302248784
535453210,148484.3996031016
535455080,100419.29942855315
535455090,115141.7952326451
535456100,91267.16708343217
535475020,170923.13035459485
535476370,195361.8528251811
535477090,116068.7029948644
902100030,80564.52481027062
902103150,119858.4330896519
902105010,112691.23775905308
902105020,249358.46569422394
902105130,68279.83748854151
902107030,119962.24599087273
902306120,134962.9116105855
902306130,139509.83675586118
902406020,108055.10103948819
902427150,119155.09826317699
903201030,132393.30616891023
903204095,88777.56608154479
903206070,148851.22851378022
903225160,105557.66476377861
903226060,165710.68650681127
903226150,110292.77868527862
903228040,150840.12341659464
903230110,105138.73516946613
903232030,75994.9593890269
903234090,145378.13034584743
903400180,182624.2346025712
903401020,152033.22901887068
903453050,116414.63890363357
903454100,149783.7522237629
903455030,113824.60619178026
903455140,119675.89191715827
903456130,110878.53766134777
903484020,128641.85505672058
904100160,117008.3549943829
905104080,80022.51069122365
905202230,204355.88889185028
905300020,137338.70537663175
905401045,183724.31365516785
905426030,201554.59338662762
905452120,131480.3450673621
905477050,155906.28233707853
905479110,123837.29524904519
906223140,226655.44996603194
906380030,219327.70411951962
906412010,378005.9707103382
906420130,240492.49550588822
906424010,232657.56335760115
907135260,149750.1899486723
907192130,210965.83852833378
907196050,211236.50614535174
907201060,142047.9830920774
907227300,116817.52560139877
907251090,240407.46752054492
907255020,251270.96847171045
907255060,297213.6362650961
907285080,214584.86852557544
907290150,142774.99594959515
907295020,225858.29246372785
907405020,212669.9993497905
907418010,215286.53967945423
908103280,143086.40098405632
908128050,143966.42353928453
908151040,141097.0721748016
908186040,136340.3633847938
908201120,105268.63533950574
908225170,96253.52466406225
908250040,82825.30962018558
909101180,120610.66763881972
909131170,119280.7701346306
909250230,141555.8421833459
909275050,160901.67254959882
909276170,177804.4882840587
909281110,193985.7751859139
909425085,241174.56327103378
909428190,226196.79020963688
909451150,142400.2063030587
910200080,116943.4470523954
911102090,85216.58846232796
911102170,97095.25620566802
911370490,355488.28431674687
914476010,158581.89424183944
914476450,216679.2422748112
916125425,303589.7037230466
916380060,272480.0040515581
916403230,196603.92625672094
916460060,243823.06989640315
916477020,295120.31006771466
921126030,247922.77386706608
923202005,194402.0886584938
923203140,167851.30707816462
923225080,117959.04672084123
923225370,108113.9195798029
923252100,122948.12614734794
923277040,139339.62932738772
923426010,122765.6659509296
924100020,187904.45336925058
526352080,189830.1339034562
526352090,187280.82870050895
527110120,178979.7637643874
527158090,167930.76415539256
527162090,150560.61989940624
527163080,141210.0985343794
527165100,154483.6586925877
527175130,143439.482545132
527182170,244748.9145520269
527184020,200362.4180119871
527210060,347657.8998591403
527226040,189266.3654764187
527252050,304592.1750062745
527252070,266178.2710106623
527301080,187889.53442339035
527302090,210819.48842224706
527325110,189574.82987391602
527328020,140167.50485417468
527359010,189363.99790799516
527359080,182462.20200009382
527402240,165493.52808167855
527404100,110039.85775114516
527425140,110877.57414625629
527450220,118416.87279971786
527451170,130809.87535132644
527455030,128213.8815739922
527455250,114310.89231811912
528102120,281543.026857824
528104010,351865.2718583267
528106040,401029.04499430413
528108160,303188.62841809343
528110070,296872.450520873
528110100,400135.0341179371
528112150,241297.0815169804
528118040,379830.5086949313
528120150,302077.65045122785
528144050,358627.99844334397
528150040,364614.2894664282
528168040,297442.1740488447
528172050,256274.07637688064
528172075,252627.6043057289
528174010,201330.4569792784
528181080,198173.46205313675
528186050,312114.57159362786
528186090,311958.5962756452
528186120,331456.53557526565
528188160,215950.64330395366
528218020,177963.64645224577
528222060,191916.39238355163
528222090,173055.76819003993
528231010,233142.78619420264
528235000,167214.63140551848
528235160,206697.5398599115
528235170,211621.92607477558
528290170,192000.11186175034
528320050,566987.2462100295
528327060,471891.68300643767
528354110,318888.2672063245
528429090,323474.6601561828
528431030,211842.191619324
528431040,412287.96065378457
528431110,286613.66526717506
528435070,235946.9999980604
528445020,221985.4936044853
528456190,203527.32918966314
528456230,198803.62208465004
528458080,238699.28909757055
528458130,312374.2881914904
528477020,228082.24323294964
528482010,240585.24796335807
528482090,263080.39869271585
531375140,168176.10146347567
531451150,118455.82325381803
532378240,110061.07074758393
532479050,149534.19094286434
533120030,350260.88203796785
533130170,328522.7078039423
533208040,208990.16205592474
533208070,164361.53785791094
533213130,171033.1512290326
533236040,170711.14720569277
533242090,279364.8927657219
533250190,232171.27341719018
533251110,318244.7425863342
533251130,202076.95850560712
533254130,183052.587332416
534104090,237175.28821792195
534125120,123670.8232967655
534178010,122730.86360319497
534201040,131192.27711036574
534202030,138265.6452816066
534252110,126624.90411701803
534275170,135485.15767536467
534276180,117637.60006129289
534278170,132019.76424270164
534278190,98107.13910118905
534403290,209911.13024633558
534403420,137245.7303521723
534425080,176591.8273563403
534429030,78776.97200625186
534431020,127127.70008813878
534450090,34931.500370323396
534453080,104927.38774537096
534475170,173214.30266538
534478140,143518.51812606573
534479120,111276.15186056393
535101150,138278.52878424592
535105110,161958.0374634634
535106180,138279.12513042032
535151100,121204.70595094195
535151110,133402.71723614013
535152060,121336.29875846628
535177110,180670.25467155696
535181030,198202.43622604304
535181140,156283.39976666687
535302070,115492.45345505502
535327200,120631.95585282781
535353160,130495.05455472956
535354050,127358.34629993464
535375130,97561.30458418174
535378080,135407.6079482077
535379110,131808.0618483071
535382150,79647.98218051167
535450220,103722.95791120948
535451040,102265.61140692713
535451110,123576.24474664486
535452060,130674.0506607876
535453080,152210.9930569426
535476360,213390.23659817094
535477130,165510.3976677039
535478040,113593.64543070218
902105110,109770.2672621364
902106070,115253.46775173978
902110010,101499.09361935369
902202070,143025.6160402148
902301030,125742.40235331959
902305010,145048.074986107
902408080,207363.57673722814
902427040,105757.45033032265
902427180,126778.67117944312
903225040,127053.41503501698
903231180,108446.31514718865
903232100,138720.76216523707
903426010,127664.75526076426
903453080,194683.0221789365
903454010,120907.54564207804
903454090,129583.82971515044
903458060,130855.21511511202
903476100,68369.52702275706
904101070,261889.15828231833
904301110,99743.7253074918
904302010,123130.24593918145
905100080,166140.63139316867
905102010,147916.4446425753
905103110,129042.97343042541
905105040,96120.34414956877
905107140,134654.2291432992
905201080,174392.63211950762
905226080,146300.68697259855
905226170,139142.22379767458
905301050,308119.44005593756
905376090,145913.11914614576
905478140,135202.84931944506
905478220,152907.00378386758
905480090,96291.68886849824
906201022,185013.25605163828
906201023,230060.26529064588
906201200,277989.6289918921
906380040,243230.97228792298
906380120,206692.06518596003
906380160,182982.90586502178
906394050,177936.3175261622
907125040,151551.50028432664
907125120,135929.3836817255
907135180,130618.12525048733
907180040,203386.59927572391
907187040,234420.18745345797
907192120,214633.0984450489
907192150,186144.6574940336
907202220,149529.0515945575
907203060,109956.17730607669
907260040,184922.2240166575
907275080,243581.77110932706
907290140,141265.76765168805
907295040,231057.48004945123
907410020,187015.08864541547
907414060,181211.18334443713
907420060,174462.17249087273
908102100,154563.89814447248
908127070,130828.37002332634
908152070,140758.78662863493
908152280,178533.05058018139
908154205,614495.9678227013
908225240,106531.30287635316
908225310,59548.65815027326
908226180,87452.45740841317
908250100,93040.67170391248
908275090,120124.63419818543
909252010,160502.66703599758
909252170,141109.67322418385
909275110,184744.71147009978
909276210,191853.27902302277
909281020,150988.94465646203
909428180,213010.14384350512
909455060,148139.99406074657
910201020,91171.41724219038
910201180,178811.4864946026
910205130,138067.06025291482
910206010,42571.18634048413
911128010,126219.32552561525
911370460,278479.6884214858
914452090,177692.43671335542
914452190,136468.19750032827
916384070,269578.85616050486
916384150,239577.33265378978
916403040,159993.42020608284
916455010,218428.48331875802
916455150,305943.2417854865
916460020,203172.56127115173
917425190,238872.54494253025
921205070,275119.12584762386
923202134,142986.09427620028
923202220,199106.24551974487
923204140,147550.5285522535
923225050,133607.5217388401
923228220,85009.49661650794
923229010,142705.46290070348
923230180,119617.9863728174
923251160,160628.72013044095
526302040,147015.78295174683
527108020,233264.40011996665
527166030,176020.75476322696
527182020,164109.46610726198
527190220,280760.4608172401
527210040,494363.5266631835
527210050,358977.7311194814
527216050,457563.6164522788
527252090,303883.6911126738
527254070,334238.89742108714
527327080,178552.51673600293
527356020,293671.0003834035
527375160,184816.2034681103
527376110,176460.66183949518
527402210,114359.14701565573
527403120,96711.05160603691
527427210,186616.07161660082
527450080,114411.12938612122
527452290,141850.80284806434
527453070,111858.43574602425
527455100,138176.96206463058
528106010,332562.8154194001
528106120,247309.57964312803
528116030,327341.095203739
528118010,318741.4321410033
528120140,385200.8711006966
528142070,355911.71695755166
528144030,309640.9180346849
528150080,377264.3173554777
528172020,281750.1479129349
528181030,205730.76275131525
528181040,206388.47901562406
528186110,314041.7813797834
528218060,187728.63206279548
528218080,187046.4359292517
528218140,225237.32437686357
528221010,193405.95246396592
528222020,187860.290540505
528228360,202591.32805694448
528228565,201302.00471715673
528231050,198248.2582096046
528240080,212311.13653955708
528275060,178452.11446519432
528275080,206033.5394116722
528280100,196092.87217087607
528290140,199896.83044679175
528294070,230200.56843402097
528315070,280148.84437027236
528320060,496440.8699014679
528358030,321762.06943622546
528365090,309315.431596224
531375070,140334.32196682948
531375100,184430.85745708496
531450040,176765.7023839324
531452100,146224.28181063957
532353180,141913.93058955658
532376180,92362.51079677013
532476050,322722.3766700692
533110130,277407.6062340236
533128030,277767.2171114812
533128090,258048.88392217178
533212100,137947.41073179524
533212110,139962.24721080746
533223080,164924.44084718145
533241010,192696.081983468
533242030,201121.86317294795
533252020,168266.70632409464
533253090,198875.22729424172
533253160,191849.74744590675
533350050,394135.6485105253
534127190,249274.15617222598
534129230,173122.09034149398
534176250,132299.65808579046
534201280,134666.4506018133
534202180,142120.6982763888
534250300,191294.22329983106
534276230,158401.79627541473
534403280,154401.10344204502
534403440,143082.95512256914
534453150,114442.60513454846
534479240,143383.1863604696
535125060,211518.88025999334
535150240,107018.92352694001
535150300,349576.3342612497
535151130,138658.10998725836
535178100,161564.18917378032
535179050,145543.09329785872
535301150,125740.03600524645
535304020,140011.64299940542
535305120,154143.44952470876
535325460,191642.59421492968
535353180,244058.84645295766
535354130,125357.60624929039
535355100,95927.58732477299
535380130,136436.78708231173
535381060,105765.04217443119
535402100,147895.32305507985
535403150,147957.4421349183
535404080,106966.26538717958
535425040,193339.63354400062
535451190,93009.3650715539
535454030,73537.62270015772
535478010,120927.63542988
902100130,98610.84646281294
902104020,137996.2760521584
902106040,170462.27297147928
902110120,138711.77774389135
902128100,105117.77271995539
902325050,150552.37860782322
902325160,106158.95495527421
902329070,108997.76919632642
902329090,144406.86013660554
902456015,63464.3081166335
903200050,67331.3813369702
903231190,122395.19118570324
903232170,77322.86598962353
903235020,70076.82295931042
903236200,103654.78912094318
903400030,82343.59734026718
903455090,136377.20015884144
904100090,165536.99902588793
905100030,151492.70681747692
905200380,82760.81260983055
905201090,167523.8255137143
905351045,175623.82772384747
905426100,218722.5160975635
905451050,167978.32764243498
905452150,133210.4644948924
906204180,259759.0241343546
906223180,207863.06729115956
906225180,187337.50092300872
906380150,171589.3896100011
906392120,309789.8579231783
906394010,232743.13446236757
907125020,150242.1509435923
907175030,225976.3176007611
907187010,222628.33552705526
907192010,221283.4304606716
907194130,200009.52935367727
907201160,150274.48767601702
907203010,108022.43563997532
907227090,106835.75607517177
907230240,133042.05071916833
907290080,227476.8468437506
907290260,244769.95265471627
907410100,186820.06649610164
907410110,228166.6226758911
908102320,164728.10440117805
908103320,149522.6135518382
908127050,139262.65159691856
908186090,151993.87945880025
908188120,139537.93023280927
908188130,140197.87650446148
908227040,80706.38102898735
908228040,106261.68449664005
909101050,111481.40838422865
909101190,148760.16700849237
909201180,110908.35722059432
909250200,128562.25767726608
909254070,169929.89605598128
909275250,138480.7396535013
909281010,218704.5478267207
909425120,239395.22903997876
910203230,70895.33313592384
910207110,91891.09341013477
910226060,151236.15464124788
913350030,216021.09321799592
914452060,139052.1549058485
914474020,203160.98231128897
914476050,142273.44078626088
914476500,171466.0544673898
916402125,174007.83908719948
916403020,196237.6279917743
916475100,309334.0432633836
916477010,312919.18831011746
923125030,95810.03714953797
923203090,167365.76305044413
923205120,124149.63929008317
923225240,123962.5335878634
923227100,142218.05984671268
923228310,60796.106110838184
923229110,176065.87619397056
923250060,165485.50642269113
924100070,183600.5203735321
