PID,SalePrice
527127150,217655.30696111047
527162130,190942.8614393313
527163010,168449.58632840213
527182190,237194.9461085182
527216070,490481.8633190235
527358140,213856.649071873
527402200,153385.14930429275
527402250,158305.4405639045
527425090,86308.76010208626
528181050,200739.017035969
528218150,172266.35633067015
528240070,216517.97601494656
528250100,165524.3811087567
528358010,263511.09509750176
528382030,225070.5488880445
528445060,226443.94773380316
531367050,228214.36051220683
531369060,188725.24813421816
532351140,132206.91820692603
532354090,152491.8107770628
532376160,139235.4196180105
532479070,191943.31524738934
533212060,145746.68677164253
533221090,164242.25004335438
533238045,281762.6419169589
533244030,228401.7907090355
533352170,187370.80637135994
534152050,197945.47239712707
534152070,194582.21680516237
534202160,142388.80409492683
534251320,158923.50153963783
534276360,114019.21836243317
534425310,144150.97672950145
534427010,146849.77031342825
534431050,221837.37039716524
534431070,152644.4258314139
534479320,140137.28216312692
535106190,167361.69513733956
535152250,144556.36188897907
535302080,116818.10964827167
535350030,138760.9477563772
535350040,126524.34507369464
535454070,122199.085085441
535457090,151680.64667484374
902102100,124776.95167969608
902104060,79329.96708142923
902110090,155764.96343756717
902125080,103221.97691245172
902206040,125759.38425807064
902207140,108017.65371816813
902402010,151478.47864312326
902402250,143989.92218456493
903206120,190340.19274958977
903226160,110146.94601692967
903425110,149646.03321355453
903430080,119556.94834825993
903450110,115715.11066067357
903454060,56244.937814599514
903476030,130310.12905194092
904100140,216812.14810352982
904302260,111977.19081865188
904352190,115345.19949619213
905105200,114023.33168168357
905106140,151725.36627258887
905109130,287982.4180660125
905109170,235048.68695557714
905325030,211188.4768791589
905352140,226562.43498526549
905451320,136776.7303179975
905475510,123180.50497574927
906201120,242779.64315991045
906223090,227120.49139918992
906380190,191747.575817175
906385020,178002.4692254841
906402200,321263.9307527814
907200280,149587.77563898917
907203070,121439.35091901521
907250030,287303.3741388897
907290040,211195.56997270347
907290170,136644.3729072875
907414030,180079.7344630172
908102060,48198.86015466743
908102110,86114.7081063902
908103350,130540.63444745772
908226130,71151.46250991085
909100080,114264.28709193895
909101070,60322.997985947906
909250060,188908.12564493128
909428280,310699.85534600995
909452114,202035.0036582081
909455030,175007.37546741465
911204090,109771.11439346346
911370510,274497.7011755379
914478110,170422.95290215273
916386020,187246.18404030107
916386060,152228.82144882868
916386090,266097.696091644
923205015,167012.67873323662
923230190,117919.2116684684
527105070,189159.93004475685
527105130,271826.8433916639
527131030,274397.43563848216
527146010,246568.07142185114
527180100,176131.89540617212
527276160,204910.62858663136
527301320,259342.333383003
527352150,183317.07079629676
527375180,149976.80114914232
527376100,139217.88927533964
527378140,174906.8225811904
527405180,111075.61473872451
527425110,111883.94346652686
527450280,94357.9722112059
527453060,144180.70652124472
527453140,124685.44644057551
527455050,151115.64265766556
527455080,145394.70666454488
527455090,120239.39357742327
527455280,143272.69567029958
528102040,367517.2771393176
528102140,444645.57685607555
528108040,376280.84869037877
528112040,328494.52001362515
528116010,322509.34309104714
528118060,352201.0848543694
528120030,351052.7602995557
528138010,362765.780242765
528142040,339938.47403925064
528142090,295414.8652729477
528142130,298334.47427730064
528168030,281652.4522441014
528174050,204601.90490598424
528174060,198633.87588051247
528218090,170852.9249153505
528220040,169730.92272451005
528228295,213794.24206013724
528235010,180700.34310759703
528240060,179604.71818061304
528250020,190076.7564646552
528250040,175063.6101965315
528275070,230177.1579794115
528280230,216269.38572682886
528290030,159682.2551050039
528290120,178162.78881467474
528290180,180152.0617556161
528292030,259981.07933913358
528292070,222078.14480150887
528294050,161385.30248589834
528344040,329173.56227570283
528365070,320335.0505324929
528431020,237433.8611993579
528435050,271456.71789510443
528439060,241750.01151563003
528441020,231086.69452040113
528441090,412826.60048088944
528456180,245462.7944326386
528456220,196194.3938810436
528458060,192844.38412354788
528458180,216410.46721788222
528477070,262669.65037987876
528480040,236567.3087451194
528480130,218158.8251600071
528482040,269159.2981696329
528490070,204413.82303905668
531363050,135721.41409793508
531375040,158523.69955095573
531375130,162087.41642397677
531376090,207510.14400196975
531379050,226629.16451633844
531385020,185109.91649068764
532353020,110550.99914116306
532354230,109660.96580099728
532377130,125843.61191176024
532478020,295288.2071185306
533213020,196372.6877516271
533213040,185934.38462939134
533236050,197543.0625112797
533252040,338745.00584204565
534127130,182471.21511551738
534127170,179405.0555254592
534128020,214957.50774966233
534129080,194386.45781477692
534152120,167355.259340167
534175080,216665.1315679741
534177230,205825.63551667938
534200030,111076.40689425252
534226120,119417.00747834836
534251030,173878.03677083604
534252240,167590.40997806485
534275060,130572.38166325152
534275100,110023.0052604448
534276040,150634.3868278298
534400290,163434.9686985862
534451110,99130.05622007977
534475185,167749.58896760223
534476320,124359.80611911608
535126010,221122.02548829882
535154130,148608.98307308464
535175030,163899.27309923552
535175050,152764.4652629588
535178040,120616.14314024812
535179160,111126.26526756579
535301170,173760.02646775762
535303150,118929.40054723302
535325290,103509.41134877338
535354070,123450.96184731803
535375050,128918.74447403642
535381040,166841.07967902068
535383060,41015.87706966864
535403190,160415.73819611667
535450160,72371.89102668838
535453200,148936.36088433076
535475010,166209.64421910117
535476110,134164.81293038247
902105060,126573.12057082847
902106010,143048.2610139675
902109130,86687.00793346044
902134120,107269.1235262147
902135020,96475.73684477404
902201110,107517.4891707294
902300090,89769.93009867729
902301060,110388.95676989596
902327070,168420.4981192542
902329080,141311.65020462402
902330040,161288.37491819164
902401130,150156.06608941426
902402150,76673.48904069923
902405100,170776.61906535266
902406070,143673.08100082137
902477120,51567.77432760243
903201020,141138.91719317168
903202170,134914.75456647208
903226130,113356.33700807218
903230100,105733.46321389219
903231010,138108.84741764792
903236040,126269.20020866764
903400220,162528.82203352713
903427120,152815.86869009282
903475100,118248.71673811556
903476090,119426.50979625655
904100190,89504.98239432965
904301070,154892.06850498595
904301375,22148.42128829396
904351200,116164.61467962702
905200260,145797.9889438702
905200350,142576.17574640052
905325020,249122.538500689
905451300,115093.79402661674
905452040,157772.15688776367
905475160,111025.40329185985
905478030,139117.30258082174
905480030,103607.17901926745
906201050,155645.5131333132
906223210,229126.52317091366
906226060,128915.70392550807
906226080,146582.3881678899
906226090,140216.34654975793
906226140,105194.26299599315
906340100,369177.86629846395
906378110,206762.399767519
906380060,292134.09433683025
906380100,273893.04476850166
906380220,213061.48233270628
906392130,170654.85322293453
907126050,147362.22873481084
907131090,234412.28772493673
907131190,199738.25161745062
907135040,146549.5328483894
907135170,138965.78032420372
907185050,199171.5749311463
907192030,181719.45228526913
907194110,184586.71480856626
907196060,193759.74516190612
907202130,155793.92945505818
907227080,123964.87879901551
907227110,132015.251995657
907252060,235395.3102662948
907252220,257883.5469082964
907265010,202115.0755063265
907275090,221899.35356828978
907285020,248477.52755920019
907285050,190506.07759890571
907290070,166044.03076977155
907412020,191824.05836990205
907414080,173102.36897652937
908102050,99542.25947891347
908152100,140533.39825930994
908154040,337964.69528038916
908225370,83020.01291923477
908229020,89438.57405128128
908275040,112599.52779766275
908275110,149251.07162524658
909101010,130978.28994614586
909101140,141734.59668105835
909129090,100153.9377468419
909179020,217879.41403894595
909251170,143936.30675672315
909253180,140936.94624609742
909279010,195129.36811746834
909282130,151165.4060809994
909427200,156768.3836342308
909451040,96743.66443263904
909451140,111882.69827844639
909451180,119260.10478485623
909452050,223774.7558028815
910204050,173242.74393390026
911104060,56282.16939143707
914475010,136974.6845527377
914475030,178047.45091069894
914476020,105105.27602197073
916386140,210674.14413048644
916403010,189541.61206319602
916403250,227064.0814264897
916460110,202075.62511113408
916475040,363448.84201811126
923203110,172405.1374001326
923225360,93154.67797429406
923225490,105776.65264477834
923227080,161673.00587920044
923275040,162559.27228467524
923276260,133470.78887219218
923400025,166608.1638805598
526351030,219102.44185312916
526353050,232490.84873985674
526354070,200041.8937609377
527106150,209576.12515952735
527127140,309225.4865704203
527140090,216426.13209638908
527145090,197027.17315404143
527165010,181412.51836747333
527183060,222339.75082934083
527214030,405521.68480914406
527226020,152546.75495517853
527252080,328321.45780272083
527302050,180823.79216470514
527357110,132283.68973332556
527380240,270333.3003923731
527402060,155842.8849505673
527450110,90481.17511184601
527450520,103116.00749533992
527451060,84024.23834409643
527451290,74659.47708393034
527451400,93951.04735625353
527451550,99705.14967168414
527452150,131367.74929178253
527455270,89322.1442630025
528104080,436454.8061641959
528110110,417894.75714339386
528118030,390005.63238904206
528142020,292023.01596943755
528166120,395194.67916053976
528178090,338544.227862032
528186080,319348.59547535505
528228345,230517.2370272252
528228445,181890.21853358328
528235120,191515.52671312366
528240050,189702.6979921924
528280130,194490.62378701704
528326030,287635.9151720192
528363020,310738.2710290498
528363110,359162.24420172593
528387050,281421.69411383744
528431080,231075.3150424222
528431120,243682.91246872977
528458050,220089.032564379
528462040,212868.6435514071
528478030,269006.9833629735
528478040,231987.59492154542
528490080,198640.4756647103
531363060,151599.8804923074
531373060,183811.21310194602
531375120,167314.1933863483
531376010,174125.12884117174
531382110,185350.2769672773
531382120,211905.3130897871
531450030,195007.94132121018
531450170,175556.9868299463
531452140,142327.66708169668
532351050,108855.02892970832
532353050,132202.17251296062
532376170,105794.32675866561
533206050,175050.99967876374
533208080,152068.5803389566
533212050,149359.20720825045
533212140,148299.4514035919
533212150,148604.9793915826
533215020,256146.90475367365
533215070,246442.9516484494
533215080,248836.28100310534
533217050,148752.55902547677
533234020,233802.71781201474
533350090,331021.50355756946
534126090,184000.16225397208
534127230,171898.8709156476
534128050,155691.5024853622
534129060,200468.4347392895
534175140,134584.62496809097
534202130,151439.00189645676
534225110,133115.4609120884
534225120,130061.93929351408
534250010,139023.11493770126
534403100,224146.46591455498
534428020,117671.18777529628
534428100,137740.78104660625
534453140,76451.81733041229
534477090,130382.71832222742
535105030,134246.86010924526
535126140,216022.57501977796
535150210,134930.38760601584
535151160,144695.11875982475
535179060,182029.47414869696
535302140,101990.64420141077
535305160,84207.26266863456
535327230,99490.14158322634
535375160,107326.64224872219
535402120,175256.79604850858
535451010,100480.28304881798
535451050,106096.72924700726
535451230,82712.11900717048
535453210,153612.0583825551
535455080,103030.25933157928
535455090,118679.11355549884
535456100,103849.41151462532
535475020,168496.83029766707
535476370,200274.513790763
535477090,113258.51570766844
902100030,64577.24355319406
902103150,112398.72775099693
902105010,107082.61816828496
902105020,247836.32243999426
902105130,62498.4988099155
902107030,112335.94823802478
902306120,137185.2160812785
902306130,140850.7477354303
902406020,111832.62102583828
902427150,110352.52626600982
903201030,127000.2019724162
903204095,91310.18090099588
903206070,141227.0517076737
903225160,114727.95617478833
903226060,164001.1671412556
903226150,113149.19553912299
903228040,148394.04635685802
903230110,100569.27857692436
903232030,74863.3874048742
903234090,131104.98642855746
903400180,181981.783544784
903401020,159877.3729222815
903453050,126373.94622210051
903454100,153991.4465343403
903455030,118286.1062950648
903455140,126542.47349900893
903456130,116589.03818672191
903484020,129668.91667162236
904100160,116377.61788460767
905104080,95045.62981172271
905202230,215515.2654554434
905300020,144363.84379853233
905401045,193784.9401345067
905426030,203011.99803038928
905452120,143436.12270721846
905477050,153604.57189550123
905479110,125996.42604475982
906223140,225564.28209319015
906380030,224228.1849391999
906412010,390029.7180365204
906420130,242856.64738817763
906424010,233290.8735479175
907135260,146739.2293001773
907192130,208271.78057432012
907196050,207168.7008872314
907201060,146252.0160997422
907227300,125099.34825092136
907251090,245529.55630767037
907255020,256466.16434438725
907255060,297879.37948862254
907285080,211972.5637213573
907290150,135970.65488265004
907295020,224173.7618679039
907405020,212462.16809869267
907418010,219443.09881487995
908103280,150594.8963475588
908128050,133101.97006483673
908151040,142429.20799860265
908186040,131569.2757540541
908201120,99911.65748984816
908225170,86749.38365920197
908250040,99511.57991805734
909101180,120668.63037232132
909131170,138631.31026975563
909250230,155093.82438907662
909275050,163575.952630867
909276170,180486.622231097
909281110,214709.77680337054
909425085,255442.82110337593
909428190,219104.37165247806
909451150,144358.28744473384
910200080,127159.91989276627
911102090,86478.97257956832
911102170,91836.75113247629
911370490,349592.783025054
914476010,163852.71330199658
914476450,202370.07303623098
916125425,304601.50681740843
916380060,277156.1480227747
916403230,184718.79385509007
916460060,234590.20698794528
916477020,296370.7795736101
921126030,254109.44243956127
923202005,200240.010105751
923203140,163531.2139350479
923225080,123742.93772785555
923225370,102393.57757257443
923252100,129995.31957997361
923277040,147876.51347674194
923426010,124730.81820382878
924100020,175467.50286703673
526352080,197432.30217155482
526352090,191709.64254709412
527110120,177944.38398178766
527158090,160571.9025854242
527162090,153334.3390072303
527163080,144221.24550775622
527165100,153807.87934009806
527175130,152690.09613594302
527182170,240133.17664995397
527184020,207702.70522001243
527210060,354252.64773032273
527226040,178610.7802877973
527252050,308663.36944494507
527252070,275656.1888412782
527301080,187820.1547842018
527302090,216722.2982487761
527325110,198614.64175255538
527328020,137342.9366049734
527359010,193953.78308493353
527359080,192863.2654926536
527402240,185979.66555235005
527404100,108524.98566684012
527425140,107158.8818232658
527450220,112168.02383886326
527451170,126916.11105713634
527455030,146244.87583605782
527455250,116681.26479498637
528102120,282415.3081801194
528104010,354145.7602507281
528106040,398455.36744282977
528108160,296658.10690529185
528110070,297589.0800577775
528110100,397945.033413289
528112150,245006.18844597728
528118040,379847.361550443
528120150,302032.78244566603
528144050,356462.6658207214
528150040,365437.2096393696
528168040,296731.4775375037
528172050,252447.42347543512
528172075,256416.42023842596
528174010,192256.0321210412
528181080,200516.81166200127
528186050,311598.02708593773
528186090,312212.5724928017
528186120,329285.99180317693
528188160,212757.3645293543
528218020,169319.55034600678
528222060,186508.0813910252
528222090,178569.11913092172
528231010,230276.71924538648
528235000,166666.3247028879
528235160,207607.25659963425
528235170,211692.0650300294
528290170,190455.39250094077
528320050,577310.5889791137
528327060,473331.7588060595
528354110,314089.5539139918
528429090,322556.1549811983
528431030,213239.1414292897
528431040,419694.5830146802
528431110,287805.9446509574
528435070,240040.2746700197
528445020,219258.56888474093
528456190,209054.83514226472
528456230,199343.60134102986
528458080,244068.42786769214
528458130,313339.96907437395
528477020,231808.24280411814
528482010,242928.4630628418
528482090,263893.87093353504
531375140,156860.7342787477
531451150,116898.46650146785
532378240,114673.5100051277
532479050,143670.54872117893
533120030,344254.2514373992
533130170,323513.6808400735
533208040,210963.9919779042
533208070,164256.4290779807
533213130,166720.54120392087
533236040,173960.38721003535
533242090,280824.4981098241
533250190,236721.68852177693
533251110,325379.6532875166
533251130,198295.5819878515
533254130,198711.82186198872
534104090,234679.2820455209
534125120,128152.49828533962
534178010,122592.07653439655
534201040,129179.69451388129
534202030,135081.42058006063
534252110,122096.29768145831
534275170,149224.78728091094
534276180,113214.79344158457
534278170,135804.83127436007
534278190,109608.72050983435
534403290,213628.11068868305
534403420,136238.1543043685
534425080,172431.98724980486
534429030,75067.10990243111
534431020,120810.32255751605
534450090,16705.79123393973
534453080,114319.41429175671
534475170,171001.20408399176
534478140,149657.54431416586
534479120,100801.9407195993
535101150,135693.05847551947
535105110,157588.69994244206
535106180,133987.928627273
535151100,125130.72399877067
535151110,141238.4261985129
535152060,120473.02295097825
535177110,178534.13047398708
535181030,184583.30454471643
535181140,155009.30031795413
535302070,125371.17859349036
535327200,120551.07414198895
535353160,113570.14940544272
535354050,123025.47548425579
535375130,101123.76114370763
535378080,134776.25488298148
535379110,137081.94227538962
535382150,79643.5674921203
535450220,110943.07797070775
535451040,112968.45413214894
535451110,130095.38331272572
535452060,128640.2182241732
535453080,149067.98503455886
535476360,218182.49381224567
535477130,159787.61267309016
535478040,107862.10958438875
902105110,99309.73650094336
902106070,121584.25691784946
902110010,95886.62473287764
902202070,137253.12938255118
902301030,129977.12817717953
902305010,143869.8553224493
902408080,215390.7250884936
902427040,101987.30546715396
902427180,121880.66425533619
903225040,123164.1645562228
903231180,115178.95703026747
903232100,131196.63305681714
903426010,126970.2973542308
903453080,195279.68110448314
903454010,121295.91791739869
903454090,132213.58145458344
903458060,121338.0695184498
903476100,70060.73619746635
904101070,259345.6296018341
904301110,114812.57571665272
904302010,115084.625906997
905100080,158672.89479953147
905102010,145958.7975795877
905103110,126821.20593512311
905105040,94157.16177746584
905107140,135806.61721692584
905201080,165148.1683937163
905226080,159964.2563025591
905226170,138164.7373368949
905301050,308424.57804385375
905376090,140440.90122298867
905478140,140262.30516992346
905478220,149182.5871546134
905480090,99763.6962617285
906201022,182471.70905832454
906201023,224342.1484713385
906201200,274835.0629251275
906380040,248674.08136012196
906380120,206751.13838119098
906380160,183567.94991469794
906394050,170796.7872472249
907125040,149258.76616540953
907125120,133495.60961953402
907135180,122730.16849828215
907180040,200339.4542300545
907187040,230167.24370418946
907192120,215574.32003195095
907192150,186089.12506138664
907202220,151716.45160552775
907203060,107777.68969537322
907260040,183270.59686440584
907275080,248793.95566300926
907290140,134695.14808773974
907295040,237365.69544248024
907410020,188537.5376953682
907414060,180097.99272422597
907420060,174436.94338351052
908102100,169042.99029665478
908127070,141982.86332325748
908152070,146115.59285625088
908152280,176702.42161172224
908154205,618254.289711292
908225240,98633.88443168135
908225310,74694.12294661079
908226180,73032.85014862653
908250100,93424.41173547818
908275090,119892.19017239705
909252010,159171.8191295427
909252170,153931.17851462867
909275110,181644.87649400087
909276210,166510.09545115984
909281020,143298.23899164016
909428180,206771.6045623146
909455060,160713.96754238635
910201020,90637.8681230289
910201180,163646.04419317812
910205130,131807.124519376
910206010,26457.6704266406
911128010,130395.4147697589
911370460,281698.04834770935
914452090,177729.85819965857
914452190,138978.7095188484
916384070,278836.64289222227
916384150,242341.84686214372
916403040,175444.73525975656
916455010,211196.3479990754
916455150,310134.38379325985
916460020,196551.26165809282
917425190,228415.48863680632
921205070,276909.4188113095
923202134,139277.89262997432
923202220,187611.8142978856
923204140,137027.3592938726
923225050,132251.18363255833
923228220,83690.57264881433
923229010,138054.07296848847
923230180,125823.88486035986
923251160,151192.6243976173
526302040,151439.48785912705
527108020,228923.95982014746
527166030,181143.69580039306
527182020,175864.6891296962
527190220,273775.25915316446
527210040,497370.5902094031
527210050,363200.60101323575
527216050,465178.29277661233
527252090,310644.58210431307
527254070,335612.1426801712
527327080,171684.5783286765
527356020,290019.1699021317
527375160,181532.83977608793
527376110,178343.4425717027
527402210,115184.97100539248
527403120,84478.6475045197
527427210,181153.25688865432
527450080,111919.12706977784
527452290,144673.3061580525
527453070,131947.75840158825
527455100,133105.32950638165
528106010,345067.7801891808
528106120,250405.13639003772
528116030,331269.45187307766
528118010,319669.58056660485
528120140,383740.06639447086
528142070,353007.01152358146
528144030,311554.27359538595
528150080,378128.7235656814
528172020,282921.3833826933
528181030,204524.30371274299
528181040,205050.5771137266
528186110,315359.8942804666
528218060,180630.18098385382
528218080,187542.29867560364
528218140,226412.36430477834
528221010,189216.2468205335
528222020,189664.04813261286
528228360,204900.7114940169
528228565,201017.53918303348
528231050,186170.4767545831
528240080,213188.05316671645
528275060,176624.18577726293
528275080,205384.31901785632
528280100,195612.41435568346
528290140,197691.70109612044
528294070,228248.46757666342
528315070,282430.96353673004
528320060,506563.9824801462
528358030,321037.22656915267
528365090,309431.5311002734
531375070,141839.85407507658
531375100,186051.17931477888
531450040,170282.96363151842
531452100,140683.38826847466
532353180,144365.86260046333
532376180,94005.22543301548
532476050,315003.56310033135
533110130,277359.02016475913
533128030,272817.1065720379
533128090,261540.21794602735
533212100,141932.0086559868
533212110,138042.8837286526
533223080,162446.7011366408
533241010,187722.66915703763
533242030,204808.2841450147
533252020,171028.92554537894
533253090,202520.0378915283
533253160,192511.55635575962
533350050,400990.277163056
534127190,260578.76588397945
534129230,172662.36179893845
534176250,137018.31039448793
534201280,130167.95731146881
534202180,147649.6408272129
534250300,184283.98240057775
534276230,146150.0366968041
534403280,159955.14768590336
534403440,141782.80602417007
534453150,116751.30112160966
534479240,143008.3566541442
535125060,216822.3577593692
535150240,108607.40209589645
535150300,339316.14888013783
535151130,134061.3971572533
535178100,155471.57978270418
535179050,142342.93981634552
535301150,135933.10661038983
535304020,137079.70185369754
535305120,157355.94801595595
535325460,187238.42357948693
535353180,233517.17032901515
535354130,133931.95526795063
535355100,101834.01077701017
535380130,119747.04996100784
535381060,78976.12180237503
535402100,145372.9759746602
535403150,152925.4894892149
535404080,117458.57360039448
535425040,192783.15463199475
535451190,102211.96299853787
535454030,70724.0648681998
535478010,119295.56917954383
902100130,86407.70467367329
902104020,139319.53149171558
902106040,171045.74670326465
902110120,130359.79685241508
902128100,124537.80594976203
902325050,153763.537114047
902325160,92647.6703716309
902329070,119942.43495815221
902329090,159354.8975782668
902456015,58074.294859668706
903200050,60545.64033380103
903231190,111419.87204594683
903232170,77192.59911086263
903235020,73133.65524340991
903236200,106023.43634129202
903400030,87369.30906619283
903455090,125493.03472473068
904100090,167898.298749037
905100030,137760.5415592072
905200380,96642.23107145805
905201090,173175.12793505716
905351045,178979.2740241679
905426100,223829.73554967224
905451050,164968.8046928367
905452150,137604.24279689466
906204180,243607.80313092397
906223180,211886.99395501005
906225180,204448.12184028374
906380150,175330.5385952591
906392120,310405.6371706575
906394010,231817.641903349
907125020,139675.66467237883
907175030,227113.61782729934
907187010,221036.70200855177
907192010,223632.68131601135
907194130,197794.8627119707
907201160,154030.87571616418
907203010,113302.2627473916
907227090,120408.11604195228
907230240,133328.55065070887
907290080,224638.96573549884
907290260,254124.06578859704
907410100,187294.12805433854
907410110,225701.03662170545
908102320,153867.53486667943
908103320,150194.42115376136
908127050,135144.18308261287
908186090,149849.7786745318
908188120,143940.57177630917
908188130,137932.02366825673
908227040,65787.79401913386
908228040,115567.34087390786
909101050,120290.6978765491
909101190,122114.5383021728
909201180,119060.46419497256
909250200,145206.9222920827
909254070,177112.962690103
909275250,144315.88737595757
909281010,230085.1085901238
909425120,238437.63532759092
910203230,67448.8957747326
910207110,90989.82580217074
910226060,149403.2886092281
913350030,222766.5837250237
914452060,141263.19149133106
914474020,208363.63035185836
914476050,140113.63199546878
914476500,177824.46685667674
916402125,174977.6655674378
916403020,198421.18920111938
916475100,311120.3767569281
916477010,316126.1771698675
923125030,40789.623931904
923203090,162163.9231913568
923205120,125051.7762480645
923225240,124154.05094443598
923227100,139143.3113563304
923228310,59591.01689753574
923229110,177288.3641814497
923250060,160285.16060303414
924100070,177553.5080135416
